//|================================================================|
//| Zythe CashShop Editor                                          |
//| Credit: Zyth3/louis                          [skype:tec-facil] |
//|================================================================|
//ID	Number	Value	Item	Level	Skill	Luck	Option	ExOpt	AncOp	JOH	Oexe	Socket1	Socket2	Socket3	Socket4	Socket5	Qtd	Duration	Comment
1000	1000	4	2048	15	1	1	0	63	0	0	0	255	255	255	255	255	255	0	// Short Bow (1 UN)
1010	1010	4	2049	15	1	1	0	63	0	0	0	255	255	255	255	255	255	0	// Bow (1 UN)
1020	1020	4	2050	15	1	1	0	63	0	0	0	255	255	255	255	255	255	0	// Elven Bow (1 UN)
1030	1030	4	2051	15	1	1	0	63	0	0	0	255	255	255	255	255	255	0	// Battle Bow (1 UN)
1040	1040	4	2052	15	1	1	0	63	0	0	0	255	255	255	255	255	255	0	// Tiger Bow (1 UN)
1050	1050	4	2053	15	1	1	0	63	0	0	0	255	255	255	255	255	255	0	// Silver Bow (1 UN)
1060	1060	8	2054	15	1	1	0	63	0	0	0	255	255	255	255	255	255	0	// Chaos Nature Bow (1 UN)
1070	1070	4	2055	15	1	1	0	63	0	0	0	255	255	255	255	255	255	0	// Bolt (1 UN)
1080	1080	4	2056	15	1	1	0	63	0	0	0	255	255	255	255	255	255	0	// Crossbow (1 UN)
1090	1090	4	3584	15	1	1	7	63	0	0	0	255	255	255	255	255	255	0	// Bronze Helm (1 UN)
1100	1100	4	2057	15	1	1	0	63	0	0	0	255	255	255	255	255	255	0	// Golden Crossbow (1 UN)
1110	1110	4	2058	15	1	1	0	63	0	0	0	255	255	255	255	255	255	0	// Arquebus (1 UN)
1120	1120	4	2059	15	1	1	0	63	0	0	0	255	255	255	255	255	255	0	// Light Crossbow (1 UN)
1130	1130	4	2060	15	1	1	0	63	0	0	0	255	255	255	255	255	255	0	// Serpent Crossbow (1 UN)
1140	1140	4	2061	15	1	1	0	63	0	0	0	255	255	255	255	255	255	0	// Bluewing Crossbow (1 UN)
1150	1150	4	3585	15	1	1	7	63	0	0	0	255	255	255	255	255	255	0	// Dragon Helm (1 UN)
1160	1160	4	3586	15	1	1	7	63	0	0	0	255	255	255	255	255	255	0	// Pad Helm (1 UN)
1170	1170	4	3587	15	1	1	7	63	0	0	0	255	255	255	255	255	255	0	// Legendary Helm (1 UN)
1180	1180	4	3588	15	1	1	7	63	0	0	0	255	255	255	255	255	255	0	// Bone Helm (1 UN)
1190	1190	4	3589	15	1	1	7	63	0	0	0	255	255	255	255	255	255	0	// Leather Helm (1 UN)
1200	1200	4	3590	15	1	1	7	63	0	0	0	255	255	255	255	255	255	0	// Scale Helm (1 UN)
1210	1210	4	3591	15	1	1	7	63	0	0	0	255	255	255	255	255	255	0	// Sphinx Mask (1 UN)
1220	1220	4	3592	15	1	1	7	63	0	0	0	255	255	255	255	255	255	0	// Brass Helm (1 UN)
1230	1230	4	3593	15	1	1	7	63	0	0	0	255	255	255	255	255	255	0	// Plate Helm (1 UN)
1240	1240	4	3594	15	1	1	7	63	0	0	0	255	255	255	255	255	255	0	// Vine Helm (1 UN)
1250	1250	4	3595	15	1	1	7	63	0	0	0	255	255	255	255	255	255	0	// Silk Helm (1 UN)
1260	1260	4	3596	15	1	1	7	63	0	0	0	255	255	255	255	255	255	0	// Wind Helm (1 UN)
1270	1270	4	3597	15	1	1	7	63	0	0	0	255	255	255	255	255	255	0	// Spirit Helm (1 UN)
1280	1280	4	3598	15	1	1	7	63	0	0	0	255	255	255	255	255	255	0	// Guardian Helm (1 UN)
1290	1290	8	3600	15	1	1	7	63	0	0	0	255	255	255	255	255	255	0	// Black Dragon Helm (1 UN)
1300	1300	8	3601	15	1	1	7	63	0	0	0	255	255	255	255	255	255	0	// Dark Phoenix Helm (1 UN)
1310	1310	8	3602	15	1	1	7	63	0	0	0	255	255	255	255	255	255	0	// Grand Soul Helm (1 UN)
1320	1320	8	3603	15	1	1	7	63	0	0	0	255	255	255	255	255	255	0	// Holy Spirit Helm (1 UN)
1330	1330	8	3605	15	1	1	7	63	0	0	0	255	255	255	255	255	255	0	// Great Dragon Helm (1 UN)
1340	1340	8	3606	15	1	1	7	63	0	0	0	255	255	255	255	255	255	0	// Dark Soul Helm (1 UN)
1350	1350	8	3608	15	1	1	7	63	0	0	0	255	255	255	255	255	255	0	// Red Spirit Helm (1 UN)
1360	1360	8	3609	15	1	1	7	63	0	0	0	255	255	255	255	255	255	0	// Light Plate Mask (1 UN)
1370	1370	10	3610	15	1	1	7	63	0	0	0	255	255	255	255	255	255	0	// Adamantine Mask (1 UN)
1380	1380	10	3611	15	1	1	7	63	0	0	0	255	255	255	255	255	255	0	// Dark Steel Mask (1 UN)
1390	1390	10	3612	15	1	1	7	63	0	0	0	255	255	255	255	255	255	0	// Dark Master Mask (1 UN)
1400	1400	10	3613	15	1	1	7	63	0	0	0	255	255	255	255	255	255	0	// Dragon Knight Helm (1 UN)
1410	1410	10	3614	15	1	1	7	63	0	0	0	255	255	255	255	255	255	0	// Venom Mist Helm (1 UN)
1420	1420	10	3615	15	1	1	7	63	0	0	0	255	255	255	255	255	255	0	// Sylphid Ray Helm (1 UN)
1430	1430	10	3617	15	1	1	7	63	0	0	0	255	255	255	255	255	255	0	// Sunlight Mask (1 UN)
1440	1440	10	3618	15	1	1	7	63	0	0	0	255	255	255	255	255	255	0	// Ashcrow Helm (1 UN)
1450	1450	10	3619	15	1	1	7	63	0	0	0	255	255	255	255	255	255	0	// Eclipse Helm (1 UN)
1460	1460	10	3620	15	1	1	7	63	0	0	0	255	255	255	255	255	255	0	// Iris Helm (1 UN)
1470	1470	10	3622	15	1	1	7	63	0	0	0	255	255	255	255	255	255	0	// Glorious Mask (1 UN)
1480	1480	10	3623	15	1	1	7	63	0	0	0	255	255	255	255	255	255	0	// Violent Wind Helm (1 UN)
1490	1490	10	3624	15	1	1	7	63	0	0	0	255	255	255	255	255	255	0	// Red Wing Helm (1 UN)
1500	1500	10	3625	15	1	1	7	63	0	0	0	255	255	255	255	255	255	0	// Ancient Helm (1 UN)
1510	1510	10	3626	15	1	1	7	63	0	0	0	255	255	255	255	255	255	0	// Demonic Helm (1 UN)
1520	1520	10	3627	15	1	1	7	63	0	0	0	255	255	255	255	255	255	0	// Storm Blitz Helm (1 UN)
1530	1530	18	3628	15	1	1	7	63	0	0	0	254	254	254	255	255	0	0	// Lilium Helm (1 UN)
1540	1540	18	3629	15	1	1	7	63	0	0	0	254	254	254	255	255	0	0	// Titan Helm (1 UN)
1550	1550	18	3630	15	1	1	7	63	0	0	0	254	254	254	255	255	0	0	// Brave Helm (1 UN)
1560	1560	18	3633	15	1	1	7	63	0	0	0	254	254	254	255	255	0	0	// Seraphim Helm (1 UN)
1570	1570	18	3634	15	1	1	7	63	0	0	0	254	254	254	255	255	0	0	// Divine Helm (1 UN)
1580	1580	18	3635	15	1	1	7	63	0	0	0	254	254	254	255	255	0	0	// Royal Helm (1 UN)
1590	1590	18	3636	15	1	1	7	63	0	0	0	254	254	254	255	255	0	0	// Hades Helm (1 UN)
1600	1600	18	3637	15	1	1	7	63	0	0	0	254	254	254	255	255	0	0	// Queen Helm (1 UN)
1610	1610	18	4140	15	1	1	7	63	0	0	0	254	254	254	255	255	0	0	// Lilium Armor (1 UN)
1620	1620	4	4096	15	1	1	7	63	0	0	0	255	255	255	255	255	255	0	// Bronze Armor (1 UN)
1630	1630	4	4097	15	1	1	7	63	0	0	0	255	255	255	255	255	255	0	// Dragon Armor (1 UN)
1640	1640	4	4098	15	1	1	7	63	0	0	0	255	255	255	255	255	255	0	// Pad Armor (1 UN)
1650	1650	4	4099	15	1	1	7	63	0	0	0	255	255	255	255	255	255	0	// Legendary Armor (1 UN)
1660	1660	4	4100	15	1	1	7	63	0	0	0	255	255	255	255	255	255	0	// Bone Armor (1 UN)
1670	1670	4	4101	15	1	1	7	63	0	0	0	255	255	255	255	255	255	0	// Leather Armor (1 UN)
1680	1680	4	4102	15	1	1	7	63	0	0	0	255	255	255	255	255	255	0	// Scale Armor (1 UN)
1690	1690	4	4103	15	1	1	7	63	0	0	0	255	255	255	255	255	255	0	// Sphinx Armor (1 UN)
1700	1700	4	4104	15	1	1	7	63	0	0	0	255	255	255	255	255	255	0	// Brass Armor (1 UN)
1710	1710	4	4105	15	1	1	7	63	0	0	0	255	255	255	255	255	255	0	// Plate Armor (1 UN)
1720	1720	4	4106	15	1	1	7	63	0	0	0	255	255	255	255	255	255	0	// Vine Armor (1 UN)
1730	1730	4	4107	15	1	1	7	63	0	0	0	255	255	255	255	255	255	0	// Silk Armor (1 UN)
1740	1740	4	4108	15	1	1	7	63	0	0	0	255	255	255	255	255	255	0	// Wind Armor (1 UN)
1750	1750	4	4109	15	1	1	7	63	0	0	0	255	255	255	255	255	255	0	// Spirit Armor (1 UN)
1760	1760	4	4110	15	1	1	7	63	0	0	0	255	255	255	255	255	255	0	// Guardian Armor (1 UN)
1770	1770	4	4111	15	1	1	7	63	0	0	0	255	255	255	255	255	255	0	// Storm Crow Armor (1 UN)
1780	1780	8	4112	15	1	1	7	63	0	0	0	255	255	255	255	255	255	0	// Black Dragon Armor (1 UN)
1790	1790	8	4113	15	1	1	7	63	0	0	0	255	255	255	255	255	255	0	// Dark Phoenix Armor (1 UN)
1800	1800	8	4114	15	1	1	7	63	0	0	0	255	255	255	255	255	255	0	// Grand Soul Armor (1 UN)
1810	1810	8	4115	15	1	1	7	63	0	0	0	255	255	255	255	255	255	0	// Holy Spirit Armor (1 UN)
1820	1820	8	4116	15	1	1	7	63	0	0	0	255	255	255	255	255	255	0	// Thunder Hawk Armor (1 UN)
1830	1830	8	4117	15	1	1	7	63	0	0	0	255	255	255	255	255	255	0	// Great Dragon Armor (1 UN)
1840	1840	8	4118	15	1	1	7	63	0	0	0	255	255	255	255	255	255	0	// Dark Soul Armor (1 UN)
1850	1850	8	4119	15	1	1	7	63	0	0	0	255	255	255	255	255	255	0	// Hurricane Armor (1 UN)
1860	1860	8	4120	15	1	1	7	63	0	0	0	255	255	255	255	255	255	0	// Red Sprit Armor (1 UN)
1870	1870	8	4121	15	1	1	7	63	0	0	0	255	255	255	255	255	255	0	// Light Plate Armor (1 UN)
1880	1880	8	4122	15	1	1	7	63	0	0	0	255	255	255	255	255	255	0	// Adamantine Armor (1 UN)
1890	1890	8	4123	15	1	1	7	63	0	0	0	255	255	255	255	255	255	0	// Dark Steel Armor (1 UN)
1900	1900	8	4124	15	1	1	7	63	0	0	0	255	255	255	255	255	255	0	// Dark Master Armor (1 UN)
1910	1910	8	4125	15	1	1	7	63	0	0	0	255	255	255	255	255	255	0	// Dragon Knight Armor (1 UN)
1920	1920	8	4126	15	1	1	7	63	0	0	0	255	255	255	255	255	255	0	// Venom Mist Armor (1 UN)
1930	1930	8	4127	15	1	1	7	63	0	0	0	255	255	255	255	255	255	0	// Sylphid Ray Armor (1 UN)
1940	1940	8	4128	15	1	1	7	63	0	0	0	255	255	255	255	255	255	0	// Volcano Armor (1 UN)
1950	1950	8	4129	15	1	1	7	63	0	0	0	255	255	255	255	255	255	0	// Sunlight Armor (1 UN)
1960	1960	8	4130	15	1	1	7	63	0	0	0	255	255	255	255	255	255	0	// Ashcrow Armor (1 UN)
1970	1970	8	4131	15	1	1	7	63	0	0	0	255	255	255	255	255	255	0	// Eclipse Armor (1 UN)
1980	1980	8	4132	15	1	1	7	63	0	0	0	255	255	255	255	255	255	0	// Iris Armor (1 UN)
1990	1990	8	4133	15	1	1	7	63	0	0	0	255	255	255	255	255	255	0	// Valiant Armor (1 UN)
2000	2000	8	4134	15	1	1	7	63	0	0	0	255	255	255	255	255	255	0	// Glorious Armor (1 UN)
2010	2010	8	4135	15	1	1	7	63	0	0	0	255	255	255	255	255	255	0	// Violent Wind Armor (1 UN)
2020	2020	8	4136	15	1	1	7	63	0	0	0	255	255	255	255	255	255	0	// Red Wing Armor (1 UN)
2030	2030	8	4137	15	1	1	7	63	0	0	0	255	255	255	255	255	255	0	// Ancient Armor (1 UN)
2040	2040	8	4138	15	1	1	7	63	0	0	0	255	255	255	255	255	255	0	// Demonic Armor (1 UN)
2050	2050	8	4139	15	1	1	7	63	0	0	0	255	255	255	255	255	255	0	// Storm Blitz Armor (1 UN)
2060	2060	18	4141	15	1	1	7	63	0	0	0	254	254	254	255	255	0	0	// Titan Armor (1 UN)
2070	2070	18	4142	15	1	1	7	63	0	0	0	254	254	254	255	255	0	0	// Brave Armor (1 UN)
2080	2080	18	4143	15	1	1	7	63	0	0	0	254	254	254	255	255	0	0	// Phantom Armor (1 UN)
2090	2090	18	4144	15	1	1	7	63	0	0	0	254	254	254	255	255	0	0	// Destroy Armor (1 UN)
2100	2100	18	4145	15	1	1	7	63	0	0	0	254	254	254	255	255	0	0	// Seraphim Armor (1 UN)
2110	2110	18	4146	15	1	1	7	63	0	0	0	254	254	254	255	255	0	0	// Divine Armor (1 UN)
2120	2120	18	4147	15	1	1	7	63	0	0	0	254	254	254	255	255	0	0	// Royal Armor (1 UN)
2130	2130	18	4148	15	1	1	7	63	0	0	0	254	254	254	255	255	0	0	// Hades Armor (1 UN)
2140	2140	18	4149	15	1	1	7	63	0	0	0	254	254	254	255	255	0	0	// Queen Armor (1 UN)
2150	2150	18	1043	15	1	1	7	63	0	0	0	254	254	254	255	255	255	0	// Mace of the King (1 UN)
2160	2160	4	4608	15	1	1	7	63	0	0	0	255	255	255	255	255	255	0	// Bronze Pants (1 UN)
2170	2170	4	4609	15	1	1	7	63	0	0	0	255	255	255	255	255	255	0	// Dragon Pants (1 UN)
2180	2180	4	4610	15	1	1	7	63	0	0	0	255	255	255	255	255	255	0	// Pad Pants (1 UN)
2190	2190	4	4611	15	1	1	7	63	0	0	0	255	255	255	255	255	255	0	// Legendary Pants (1 UN)
2200	2200	4	4612	15	1	1	7	63	0	0	0	255	255	255	255	255	255	0	// Bone Pants (1 UN)
2210	2210	4	4613	15	1	1	7	63	0	0	0	255	255	255	255	255	255	0	// Leather Pants (1 UN)
2220	2220	4	4614	15	1	1	7	63	0	0	0	255	255	255	255	255	255	0	// Scale Pants (1 UN)
2230	2230	4	4615	15	1	1	7	63	0	0	0	255	255	255	255	255	255	0	// Sphinx Pants (1 UN)
2240	2240	4	4616	15	1	1	7	63	0	0	0	255	255	255	255	255	255	0	// Brass Pants (1 UN)
2250	2250	4	4617	15	1	1	7	63	0	0	0	255	255	255	255	255	255	0	// Plate Pants (1 UN)
2260	2260	4	4618	15	1	1	7	63	0	0	0	255	255	255	255	255	255	0	// Vine Pants (1 UN)
2270	2270	4	4619	15	1	1	7	63	0	0	0	255	255	255	255	255	255	0	// Silk Pants (1 UN)
2280	2280	4	4620	15	1	1	7	63	0	0	0	255	255	255	255	255	255	0	// Wind Pants (1 UN)
2290	2290	4	4621	15	1	1	7	63	0	0	0	255	255	255	255	255	255	0	// Spirit Pants (1 UN)
2300	2300	4	4622	15	1	1	7	63	0	0	0	255	255	255	255	255	255	0	// Guardian Pants (1 UN)
2310	2310	4	4623	15	1	1	7	63	0	0	0	255	255	255	255	255	255	0	// Storm Crow Pants (1 UN)
2320	2320	8	4624	15	1	1	7	63	0	0	0	255	255	255	255	255	255	0	// Black Dragon Pants (1 UN)
2330	2330	8	4625	15	1	1	7	63	0	0	0	255	255	255	255	255	255	0	// Dark Phoenix Pants (1 UN)
2340	2340	8	4626	15	1	1	7	63	0	0	0	255	255	255	255	255	255	0	// Grand Soul Pants (1 UN)
2350	2350	8	4627	15	1	1	7	63	0	0	0	255	255	255	255	255	255	0	// Holy Spirit Pants (1 UN)
2360	2360	8	4628	15	1	1	7	63	0	0	0	255	255	255	255	255	255	0	// Thunder Hawk Pants (1 UN)
2370	2370	8	4629	15	1	1	7	63	0	0	0	255	255	255	255	255	255	0	// Great Dragon Pants (1 UN)
2380	2380	8	4630	15	1	1	7	63	0	0	0	255	255	255	255	255	255	0	// Dark Soul Pants (1 UN)
2390	2390	8	4631	15	1	1	7	63	0	0	0	255	255	255	255	255	255	0	// Hurricane Pants (1 UN)
2400	2400	8	4632	15	1	1	7	63	0	0	0	255	255	255	255	255	255	0	// Red Spirit Pants (1 UN)
2410	2410	8	4633	15	1	1	7	63	0	0	0	255	255	255	255	255	255	0	// Light Plate Pants (1 UN)
2420	2420	8	4634	15	1	1	7	63	0	0	0	255	255	255	255	255	255	0	// Adamantine Pants (1 UN)
2430	2430	8	4635	15	1	1	7	63	0	0	0	255	255	255	255	255	255	0	// Dark Steel Pants (1 UN)
2440	2440	8	4636	15	1	1	7	63	0	0	0	255	255	255	255	255	255	0	// Dark Master Pants (1 UN)
2450	2450	8	4637	15	1	1	7	63	0	0	0	255	255	255	255	255	255	0	// Dragon Knight Pants (1 UN)
2460	2460	8	4638	15	1	1	7	63	0	0	0	255	255	255	255	255	255	0	// Venom Mist Pants (1 UN)
2470	2470	8	4639	15	1	1	7	63	0	0	0	255	255	255	255	255	255	0	// Sylphid Ray Pants (1 UN)
2480	2480	8	4640	15	1	1	7	63	0	0	0	255	255	255	255	255	255	0	// Volcano Pants (1 UN)
2490	2490	8	4641	15	1	1	7	63	0	0	0	255	255	255	255	255	255	0	// Sunlight Pants (1 UN)
2500	2500	8	4642	15	1	1	7	63	0	0	0	255	255	255	255	255	255	0	// Ashcrow Pants (1 UN)
2510	2510	8	4643	15	1	1	7	63	0	0	0	255	255	255	255	255	255	0	// Eclipse Pants (1 UN)
2520	2520	8	4644	15	1	1	7	63	0	0	0	255	255	255	255	255	255	0	// Iris Pants (1 UN)
2530	2530	8	4645	15	1	1	7	63	0	0	0	255	255	255	255	255	255	0	// Valiant Pants (1 UN)
2540	2540	8	4646	15	1	1	7	63	0	0	0	255	255	255	255	255	255	0	// Glorious Pants (1 UN)
2550	2550	8	4647	15	1	1	7	63	0	0	0	255	255	255	255	255	255	0	// Violent Wind Pants (1 UN)
2560	2560	8	4648	15	1	1	7	63	0	0	0	255	255	255	255	255	255	0	// Red Wing Pants (1 UN)
2570	2570	8	4649	15	1	1	7	63	0	0	0	255	255	255	255	255	255	0	// Ancient Pants (1 UN)
2580	2580	8	4650	15	1	1	7	63	0	0	0	255	255	255	255	255	255	0	// Demonic Pants (1 UN)
2590	2590	8	4651	15	1	1	7	63	0	0	0	255	255	255	255	255	255	0	// Storm Blitz Pants (1 UN)
2600	2600	18	4652	15	1	1	7	63	0	0	0	254	254	254	255	255	0	0	// Lilium Pants (1 UN)
2610	2610	18	4653	15	1	1	7	63	0	0	0	254	254	254	255	255	0	0	// Titan Pants (1 UN)
2620	2620	18	4654	15	1	1	7	63	0	0	0	254	254	254	255	255	0	0	// Brave Pants (1 UN)
2630	2630	18	4655	15	1	1	7	63	0	0	0	254	254	254	255	255	0	0	// Phantom Pants (1 UN)
2640	2640	18	4656	15	1	1	7	63	0	0	0	254	254	254	255	255	0	0	// Destroy Pants (1 UN)
2650	2650	18	4657	15	1	1	7	63	0	0	0	254	254	254	255	255	0	0	// Seraphim Pants (1 UN)
2660	2660	18	4658	15	1	1	7	63	0	0	0	254	254	254	255	255	0	0	// Divine Pants (1 UN)
2670	2670	18	4659	15	1	1	7	63	0	0	0	254	254	254	255	255	0	0	// Royal Pants (1 UN)
2680	2680	18	4660	15	1	1	7	63	0	0	0	254	254	254	255	255	0	0	// Hades Pants (1 UN)
2690	2690	18	4661	15	1	1	7	63	0	0	0	254	254	254	255	255	0	0	// Queen Pants (1 UN)
2700	2700	4	5120	15	1	1	7	63	0	0	0	255	255	255	255	255	255	0	// Bronze Gloves (1 UN)
2710	2710	4	5121	15	1	1	7	63	0	0	0	255	255	255	255	255	255	0	// Dragon Gloves (1 UN)
2720	2720	4	5122	15	1	1	7	63	0	0	0	255	255	255	255	255	255	0	// Pad Gloves (1 UN)
2730	2730	4	5123	15	1	1	7	63	0	0	0	255	255	255	255	255	255	0	// Legendary Gloves (1 UN)
2740	2740	4	5124	15	1	1	7	63	0	0	0	255	255	255	255	255	255	0	// Bone Gloves (1 UN)
2750	2750	4	5125	15	1	1	7	63	0	0	0	255	255	255	255	255	255	0	// Leather Gloves (1 UN)
2760	2760	4	5126	15	1	1	7	63	0	0	0	255	255	255	255	255	255	0	// Scale Gloves (1 UN)
2770	2770	4	5127	15	1	1	7	63	0	0	0	255	255	255	255	255	255	0	// Sphinx Gloves (1 UN)
2780	2780	4	5128	15	1	1	7	63	0	0	0	255	255	255	255	255	255	0	// Brass Gloves (1 UN)
2790	2790	4	5129	15	1	1	7	63	0	0	0	255	255	255	255	255	255	0	// Plate Gloves (1 UN)
2800	2800	4	5130	15	1	1	7	63	0	0	0	255	255	255	255	255	255	0	// Vine Gloves (1 UN)
2810	2810	4	5131	15	1	1	7	63	0	0	0	255	255	255	255	255	255	0	// Silk Gloves (1 UN)
2820	2820	4	5132	15	1	1	7	63	0	0	0	255	255	255	255	255	255	0	// Wind Gloves (1 UN)
2830	2830	4	5133	15	1	1	7	63	0	0	0	255	255	255	255	255	255	0	// Spirit Gloves (1 UN)
2840	2840	4	5134	15	1	1	7	63	0	0	0	255	255	255	255	255	255	0	// Guardian Gloves (1 UN)
2850	2850	4	5135	15	1	1	7	63	0	0	0	255	255	255	255	255	255	0	// Storm Crow Gloves (1 UN)
2860	2860	8	5137	15	1	1	7	63	0	0	0	255	255	255	255	255	255	0	// Dark Phoenix Gloves (1 UN)
2870	2870	8	5138	15	1	1	7	63	0	0	0	255	255	255	255	255	255	0	// Grand Soul Gloves (1 UN)
2880	2880	8	5139	15	1	1	7	63	0	0	0	255	255	255	255	255	255	0	// Holy Spirit Gloves (1 UN)
2890	2890	8	5140	15	1	1	7	63	0	0	0	255	255	255	255	255	255	0	// Thunder Hawk Gloves (1 UN)
2900	2900	8	5141	15	1	1	7	63	0	0	0	255	255	255	255	255	255	0	// Great Dragon Gloves (1 UN)
2910	2910	8	5142	15	1	1	7	63	0	0	0	255	255	255	255	255	255	0	// Dark Soul Gloves (1 UN)
2920	2920	8	5143	15	1	1	7	63	0	0	0	255	255	255	255	255	255	0	// Hurricane Gloves (1 UN)
2930	2930	8	5144	15	1	1	7	63	0	0	0	255	255	255	255	255	255	0	// Red Spirit Gloves (1 UN)
2940	2940	8	5145	15	1	1	7	63	0	0	0	255	255	255	255	255	255	0	// Light Plate Gloves (1 UN)
2950	2950	8	5146	15	1	1	7	63	0	0	0	255	255	255	255	255	255	0	// Adamantine Gloves (1 UN)
2960	2960	8	5147	15	1	1	7	63	0	0	0	255	255	255	255	255	255	0	// Dark Steel Gloves (1 UN)
2970	2970	8	5148	15	1	1	7	63	0	0	0	255	255	255	255	255	255	0	// Dark Master Gloves (1 UN)
2980	2980	8	5149	15	1	1	7	63	0	0	0	255	255	255	255	255	255	0	// Dragon Knight Gloves (1 UN)
2990	2990	8	5150	15	1	1	7	63	0	0	0	255	255	255	255	255	255	0	// Venom Mist Gloves (1 UN)
3000	3000	8	5151	15	1	1	7	63	0	0	0	255	255	255	255	255	255	0	// Sylphid Ray Gloves (1 UN)
3010	3010	8	5152	15	1	1	7	63	0	0	0	255	255	255	255	255	255	0	// Volcano Gloves (1 UN)
3020	3020	8	5153	15	1	1	7	63	0	0	0	255	255	255	255	255	255	0	// Sunlight Gloves (1 UN)
3030	3030	8	5154	15	1	1	7	63	0	0	0	255	255	255	255	255	255	0	// Ashcrow Gloves (1 UN)
3040	3040	8	5155	15	1	1	7	63	0	0	0	255	255	255	255	255	255	0	// Eclipse Gloves (1 UN)
3050	3050	8	5156	15	1	1	7	63	0	0	0	255	255	255	255	255	255	0	// Iris Gloves (1 UN)
3060	3060	8	5157	15	1	1	7	63	0	0	0	255	255	255	255	255	255	0	// Valiant Gloves (1 UN)
3070	3070	8	5158	15	1	1	7	63	0	0	0	255	255	255	255	255	255	0	// Glorious Gloves (1 UN)
3080	3080	8	5159	15	1	1	7	63	0	0	0	255	255	255	255	255	255	0	// Violent Wind Gloves (1 UN)
3090	3090	8	5160	15	1	1	7	63	0	0	0	255	255	255	255	255	255	0	// Red Wing Gloves (1 UN)
3100	3100	8	5161	15	1	1	7	63	0	0	0	255	255	255	255	255	255	0	// Ancient Gloves (1 UN)
3110	3110	8	5162	15	1	1	7	63	0	0	0	255	255	255	255	255	255	0	// Demonic Gloves (1 UN)
3120	3120	8	5163	15	1	1	7	63	0	0	0	255	255	255	255	255	255	0	// Storm Blitz Gloves (1 UN)
3130	3130	18	5164	15	1	1	7	63	0	0	0	254	254	254	255	255	0	0	// Lilium Gloves (1 UN)
3140	3140	18	5165	15	1	1	7	63	0	0	0	254	254	254	255	255	0	0	// Titan Gloves (1 UN)
3150	3150	18	5166	15	1	1	7	63	0	0	0	254	254	254	255	255	0	0	// Brave Gloves (1 UN)
3160	3160	18	5167	15	1	1	7	63	0	0	0	254	254	254	255	255	0	0	// Phantom Gloves (1 UN)
3170	3170	18	5169	15	1	1	7	63	0	0	0	254	254	254	255	255	0	0	// Seraphim Gloves (1 UN)
3180	3180	18	5170	15	1	1	7	63	0	0	0	254	254	254	255	255	0	0	// Divine Gloves (1 UN)
3190	3190	18	5171	15	1	1	7	63	0	0	0	254	254	254	255	255	0	0	// Royal Gloves (1 UN)
3200	3200	18	5172	15	1	1	7	63	0	0	0	254	254	254	255	255	0	0	// Hades Gloves (1 UN)
3210	3210	18	5173	15	1	1	7	63	0	0	0	254	254	254	255	255	0	0	// Queen Gloves (1 UN)
3220	3220	18	26	15	1	1	7	63	0	0	0	254	254	254	255	255	255	0	// Flameberge (1 UN)
3230	3230	4	5632	15	1	1	7	63	0	0	0	255	255	255	255	255	255	0	// Bronze Boots (1 UN)
3240	3240	4	5633	15	1	1	7	63	0	0	0	255	255	255	255	255	255	0	// Dragon Boots (1 UN)
3250	3250	4	5634	15	1	1	7	63	0	0	0	255	255	255	255	255	255	0	// Pad Boots (1 UN)
3260	3260	4	5635	15	1	1	7	63	0	0	0	255	255	255	255	255	255	0	// Legendary Boots (1 UN)
3270	3270	4	5636	15	1	1	7	63	0	0	0	255	255	255	255	255	255	0	// Bone Boots (1 UN)
3280	3280	4	5637	15	1	1	7	63	0	0	0	255	255	255	255	255	255	0	// Leather Boots (1 UN)
3290	3290	4	5638	15	1	1	7	63	0	0	0	255	255	255	255	255	255	0	// Scale Boots (1 UN)
3300	3300	4	5639	15	1	1	7	63	0	0	0	255	255	255	255	255	255	0	// Sphinx Boots (1 UN)
3310	3310	4	5640	15	1	1	7	63	0	0	0	255	255	255	255	255	255	0	// Brass Boots (1 UN)
3320	3320	4	5641	15	1	1	7	63	0	0	0	255	255	255	255	255	255	0	// Plate Boots (1 UN)
3330	3330	4	5642	15	1	1	7	63	0	0	0	255	255	255	255	255	255	0	// Vine Boots (1 UN)
3340	3340	4	5643	15	1	1	7	63	0	0	0	255	255	255	255	255	255	0	// Silk Boots (1 UN)
3350	3350	4	5644	15	1	1	7	63	0	0	0	255	255	255	255	255	255	0	// Wind Boots (1 UN)
3360	3360	4	5645	15	1	1	7	63	0	0	0	255	255	255	255	255	255	0	// Spirit Boots (1 UN)
3370	3370	4	5646	15	1	1	7	63	0	0	0	255	255	255	255	255	255	0	// Guardian Boots (1 UN)
3380	3380	4	5647	15	1	1	7	63	0	0	0	255	255	255	255	255	255	0	// Storm Crow Boots (1 UN)
3390	3390	8	5648	15	1	1	7	63	0	0	0	255	255	255	255	255	255	0	// Black Dragon Boots (1 UN)
3400	3400	8	5649	15	1	1	7	63	0	0	0	255	255	255	255	255	255	0	// Dark Phoenix Boots (1 UN)
3410	3410	8	5650	15	1	1	7	63	0	0	0	255	255	255	255	255	255	0	// Grand Soul Boots (1 UN)
3420	3420	8	5651	15	1	1	7	63	0	0	0	255	255	255	255	255	255	0	// Holy Spirit Boots (1 UN)
3430	3430	8	5652	15	1	1	7	63	0	0	0	255	255	255	255	255	255	0	// Thunder Hawk Boots (1 UN)
3440	3440	8	5653	15	1	1	7	63	0	0	0	255	255	255	255	255	255	0	// Great Dragon Boots (1 UN)
3450	3450	8	5654	15	1	1	7	63	0	0	0	255	255	255	255	255	255	0	// Dark Soul Boots (1 UN)
3460	3460	8	5655	15	1	1	7	63	0	0	0	255	255	255	255	255	255	0	// Hurricane Boots (1 UN)
3470	3470	8	5656	15	1	1	7	63	0	0	0	255	255	255	255	255	255	0	// Red Spirit Boots (1 UN)
3480	3480	8	5657	15	1	1	7	63	0	0	0	255	255	255	255	255	255	0	// Light Plate Boots (1 UN)
3490	3490	8	5658	15	1	1	7	63	0	0	0	255	255	255	255	255	255	0	// Adamantine Boots (1 UN)
3500	3500	8	5659	15	1	1	7	63	0	0	0	255	255	255	255	255	255	0	// Dark Steel Boots (1 UN)
3510	3510	8	5660	15	1	1	7	63	0	0	0	255	255	255	255	255	255	0	// Dark Master Boots (1 UN)
3520	3520	8	5661	15	1	1	7	63	0	0	0	255	255	255	255	255	255	0	// Dragon Knight Boots (1 UN)
3530	3530	8	5662	15	1	1	7	63	0	0	0	255	255	255	255	255	255	0	// Venom Mist Boots (1 UN)
3540	3540	8	5663	15	1	1	7	63	0	0	0	255	255	255	255	255	255	0	// Sylphid Ray Boots (1 UN)
3550	3550	8	5664	15	1	1	7	63	0	0	0	255	255	255	255	255	255	0	// Volcano Boots (1 UN)
3560	3560	8	5665	15	1	1	7	63	0	0	0	255	255	255	255	255	255	0	// Sunlight Boots (1 UN)
3570	3570	8	5666	15	1	1	7	63	0	0	0	255	255	255	255	255	255	0	// Ashcrow Boots (1 UN)
3580	3580	8	5667	15	1	1	7	63	0	0	0	255	255	255	255	255	255	0	// Eclipse Boots (1 UN)
3590	3590	8	5668	15	1	1	7	63	0	0	0	255	255	255	255	255	255	0	// Iris Boots (1 UN)
3600	3600	8	5669	15	1	1	7	63	0	0	0	255	255	255	255	255	255	0	// Valiant Boots (1 UN)
3610	3610	8	5670	15	1	1	7	63	0	0	0	255	255	255	255	255	255	0	// Glorious Boots (1 UN)
3620	3620	8	5671	15	1	1	7	63	0	0	0	255	255	255	255	255	255	0	// Violent Wind Boots (1 UN)
3630	3630	8	5672	15	1	1	7	63	0	0	0	255	255	255	255	255	255	0	// Red Wing Boots (1 UN)
3640	3640	8	5673	15	1	1	7	63	0	0	0	255	255	255	255	255	255	0	// Ancient Boots (1 UN)
3650	3650	8	5674	15	1	1	7	63	0	0	0	255	255	255	255	255	255	0	// Demonic Boots (1 UN)
3660	3660	8	5675	15	1	1	7	63	0	0	0	255	255	255	255	255	255	0	// Storm Blitz Boots (1 UN)
3670	3670	18	5676	15	1	1	7	63	0	0	0	254	254	254	255	255	0	0	// Lilium Boots (1 UN)
3680	3680	18	5677	15	1	1	7	63	0	0	0	254	254	254	255	255	0	0	// Titan Boots (1 UN)
3690	3690	18	5678	15	1	1	7	63	0	0	0	254	254	254	255	255	0	0	// Brave Boots (1 UN)
3700	3700	18	5679	15	1	1	7	63	0	0	0	254	254	254	255	255	0	0	// Phantom Boots (1 UN)
3710	3710	18	5680	15	1	1	7	63	0	0	0	254	254	254	255	255	0	0	// Destroy Boots (1 UN)
3720	3720	18	5681	15	1	1	7	63	0	0	0	254	254	254	255	255	0	0	// Seraphim Boots (1 UN)
3730	3730	18	5682	15	1	1	7	63	0	0	0	254	254	254	255	255	0	0	// Divine Boots (1 UN)
3740	3740	18	5683	15	1	1	7	63	0	0	0	254	254	254	255	255	0	0	// Royal Boots (1 UN)
3750	3750	18	5684	15	1	1	7	63	0	0	0	254	254	254	255	255	0	0	// Hades Boots (1 UN)
3760	3760	18	5685	15	1	1	7	63	0	0	0	254	254	254	255	255	0	0	// Queen Boots (1 UN)
3770	3770	4	0	15	1	1	7	63	0	0	0	255	255	255	255	255	255	0	// Kris (1 UN)
3780	3780	4	1	15	1	1	7	63	0	0	0	255	255	255	255	255	255	0	// Short Sword (1 UN)
3790	3790	4	2	15	1	1	7	63	0	0	0	255	255	255	255	255	255	0	// Rapier (1 UN)
3800	3800	4	3	15	1	1	7	63	0	0	0	255	255	255	255	255	255	0	// Katana (1 UN)
3810	3810	4	4	15	1	1	7	63	0	0	0	255	255	255	255	255	255	0	// Sword of Assassin (1 UN)
3820	3820	4	5	15	1	1	7	63	0	0	0	255	255	255	255	255	255	0	// Blade (1 UN)
3830	3830	4	6	15	1	1	7	63	0	0	0	255	255	255	255	255	255	0	// Gladius (1 UN)
3840	3840	4	7	15	1	1	7	63	0	0	0	255	255	255	255	255	255	0	// Falchion (1 UN)
3850	3850	4	8	15	1	1	7	63	0	0	0	255	255	255	255	255	255	0	// Serpent Sword (1 UN)
3860	3860	4	9	15	1	1	7	63	0	0	0	255	255	255	255	255	255	0	// Sword of Salamander (1 UN)
3870	3870	4	10	15	1	1	7	63	0	0	0	255	255	255	255	255	255	0	// Light Saber (1 UN)
3880	3880	4	11	15	1	1	7	63	0	0	0	255	255	255	255	255	255	0	// Legendary Sword (1 UN)
3890	3890	4	12	15	1	1	7	63	0	0	0	255	255	255	255	255	255	0	// Heliacal Sword (1 UN)
3900	3900	4	13	15	1	1	7	63	0	0	0	255	255	255	255	255	255	0	// Double Blade (1 UN)
3910	3910	8	14	15	1	1	7	63	0	0	0	255	255	255	255	255	255	0	// Lighting Sword (1 UN)
3920	3920	8	15	15	1	1	7	63	0	0	0	255	255	255	255	255	255	0	// Giant Sword (1 UN)
3930	3930	8	16	15	1	1	7	63	0	0	0	255	255	255	255	255	255	0	// Sword of Destruction (1 UN)
3940	3940	8	17	15	1	1	7	63	0	0	0	255	255	255	255	255	255	0	// Dark Breaker (1 UN)
3950	3950	8	18	15	1	1	7	63	0	0	0	255	255	255	255	255	255	0	// Thunder Blade (1 UN)
3960	3960	10	19	15	1	1	7	63	0	0	0	255	255	255	255	255	255	0	// Divine Sword of Archangel (1 UN)
3970	3970	10	20	15	1	1	7	63	0	0	0	255	255	255	255	255	255	0	// Knight Blade (1 UN)
3980	3980	10	21	15	1	1	7	63	0	0	0	255	255	255	255	255	255	0	// Dark Reign Blade (1 UN)
3990	3990	18	22	15	1	1	7	63	0	0	0	255	255	255	255	255	255	0	// Bone Blade (1 UN)
4000	4000	18	23	15	1	1	7	63	0	0	0	255	255	255	255	255	255	0	// Explosion Blade (1 UN)
4010	4010	18	24	15	1	1	7	63	0	0	0	255	255	255	255	255	255	0	// Daybreak (1 UN)
4020	4020	18	25	15	1	1	7	63	0	0	0	255	255	255	255	255	255	0	// Sword Dancer (1 UN)
4030	4030	18	27	15	1	1	7	63	0	0	0	254	254	254	255	255	255	0	// Sword Breaker (1 UN)
4040	4040	18	28	15	1	1	7	63	0	0	0	254	254	254	255	255	255	0	// Rune Bastard Sword (1 UN)
4050	4050	18	1040	15	1	1	7	63	0	0	0	254	254	254	255	255	255	0	// Frost Mace (1 UN)
4060	4060	18	31	15	1	1	7	63	0	0	0	255	255	255	255	255	255	0	// Rune Blade (1 UN)
4070	4070	4	512	15	1	1	7	63	0	0	0	255	255	255	255	255	255	0	// Small Axe (1 UN)
4080	4080	4	513	15	1	1	7	63	0	0	0	255	255	255	255	255	255	0	// Hand Axe (1 UN)
4090	4090	4	514	15	1	1	7	63	0	0	0	255	255	255	255	255	255	0	// Double Axe (1 UN)
4100	4100	4	515	15	1	1	7	63	0	0	0	255	255	255	255	255	255	0	// Tomahawk (1 UN)
4110	4110	4	516	15	1	1	7	63	0	0	0	255	255	255	255	255	255	0	// Elven Axe (1 UN)
4120	4120	4	517	15	1	1	7	63	0	0	0	255	255	255	255	255	255	0	// Battle Axe (1 UN)
4130	4130	4	518	15	1	1	7	63	0	0	0	255	255	255	255	255	255	0	// Nikea Axe (1 UN)
4140	4140	4	519	15	1	1	7	63	0	0	0	255	255	255	255	255	255	0	// Larkan Axe (1 UN)
4150	4150	4	520	15	1	1	7	63	0	0	0	255	255	255	255	255	255	0	// Crescent Axe (1 UN)
4160	4160	4	1024	15	1	1	7	63	0	0	0	255	255	255	255	255	255	0	// Mace (1 UN)
4170	4170	4	1025	15	1	1	7	63	0	0	0	255	255	255	255	255	255	0	// Morning Star (1 UN)
4180	4180	4	1026	15	1	1	7	63	0	0	0	255	255	255	255	255	255	0	// Flail (1 UN)
4190	4190	4	1027	15	1	1	7	63	0	0	0	255	255	255	255	255	255	0	// Great Hammer (1 UN)
4200	4200	4	1028	15	1	1	7	63	0	0	0	255	255	255	255	255	255	0	// Crystal Morning Star (1 UN)
4210	4210	8	1029	15	1	1	7	63	0	0	0	255	255	255	255	255	255	0	// Crystal Sword (1 UN)
4220	4220	8	1030	15	1	1	7	63	0	0	0	255	255	255	255	255	255	0	// Chaos Dragon Axe (1 UN)
4230	4230	8	1031	15	1	1	7	63	0	0	0	255	255	255	255	255	255	0	// Elemental Mace (1 UN)
4240	4240	4	1032	15	1	1	7	63	0	0	0	255	255	255	255	255	255	0	// Battle Scepter (1 UN)
4250	4250	4	1033	15	1	1	7	63	0	0	0	255	255	255	255	255	255	0	// Master Scepter (1 UN)
4260	4260	8	1034	15	1	1	7	63	0	0	0	255	255	255	255	255	255	0	// Great Scepter (1 UN)
4270	4270	8	1035	15	1	1	7	63	0	0	0	255	255	255	255	255	255	0	// Lord Scepter (1 UN)
4280	4280	8	1036	15	1	1	7	63	0	0	0	255	255	255	255	255	255	0	// Great Lord Scepter (1 UN)
4290	4290	10	1037	15	1	1	7	63	0	0	0	255	255	255	255	255	255	0	// Divine Scepter of Archangel (1 UN)
4300	4300	10	1038	15	1	1	7	63	0	0	0	255	255	255	255	255	255	0	// Soleil Sceptor (1 UN)
4310	4310	10	1039	15	1	1	7	63	0	0	0	255	255	255	255	255	255	0	// Shining Scepter (1 UN)
4320	4320	18	1041	15	1	1	7	63	0	0	0	254	254	254	255	255	255	0	// Absolute Scepter (1 UN)
4330	4330	18	2071	15	1	1	7	63	0	0	0	254	254	254	255	255	255	0	// Dark Stinger (1 UN)
4340	4340	18	1042	15	1	1	7	63	0	0	0	255	255	255	255	255	255	0	// Striker Scepter (1 UN)
4350	4350	8	1536	15	1	1	7	63	0	0	0	255	255	255	255	255	255	0	// Light Spear (1 UN)
4360	4360	8	1537	15	1	1	7	63	0	0	0	255	255	255	255	255	255	0	// Spear (1 UN)
4370	4370	8	1538	15	1	1	7	63	0	0	0	255	255	255	255	255	255	0	// Dragon Lance (1 UN)
4380	4380	8	1539	15	1	1	7	63	0	0	0	255	255	255	255	255	255	0	// Giant Trident (1 UN)
4390	4390	8	1540	15	1	1	7	63	0	0	0	255	255	255	255	255	255	0	// Serpent Spear (1 UN)
4400	4400	8	1541	15	1	1	7	63	0	0	0	255	255	255	255	255	255	0	// Double Poleaxe (1 UN)
4410	4410	8	1542	15	1	1	7	63	0	0	0	255	255	255	255	255	255	0	// Halberd (1 UN)
4420	4420	8	1543	15	1	1	7	63	0	0	0	255	255	255	255	255	255	0	// Berdysh (1 UN)
4430	4430	8	1544	15	1	1	7	63	0	0	0	255	255	255	255	255	255	0	// Great Scythe (1 UN)
4440	4440	10	1545	15	1	1	7	63	0	0	0	255	255	255	255	255	255	0	// Bill of Balrog (1 UN)
4450	4450	10	1546	15	1	1	7	63	0	0	0	255	255	255	255	255	255	0	// Dragon Spear (1 UN)
4460	4460	10	1547	15	1	1	7	63	0	0	0	255	255	255	255	255	255	0	// Brova (1 UN)
4470	4470	4	2062	15	1	1	0	63	0	0	0	255	255	255	255	255	255	0	// Aquagold Crossbow (1 UN)
4480	4480	4	2063	15	1	1	0	63	0	0	0	255	255	255	255	255	255	0	// Arrow (1 UN)
4490	4490	4	2064	15	1	1	0	63	0	0	0	255	255	255	255	255	255	0	// Saint Crossbow (1 UN)
4500	4500	8	2065	15	1	1	0	63	0	0	0	255	255	255	255	255	255	0	// Celestial Bow (1 UN)
4510	4510	8	2066	15	1	1	0	63	0	0	0	255	255	255	255	255	255	0	// Divine Crossbow of Archangel (1 UN)
4520	4520	8	2067	15	1	1	0	63	0	0	0	255	255	255	255	255	255	0	// Great Reign Crossbow (1 UN)
4530	4530	10	2068	15	1	1	0	63	0	0	0	255	255	255	255	255	255	0	// Arrow Viper Bow (1 UN)
4540	4540	10	2069	15	1	1	0	63	0	0	0	255	255	255	255	255	255	0	// Sylph Wind Bow (1 UN)
4550	4550	10	2070	15	1	1	0	63	0	0	0	255	255	255	255	255	255	0	// Albatross Bow (1 UN)
4560	4560	18	2073	15	1	1	7	63	0	0	0	254	254	254	255	255	255	0	// Angelic Bow (1 UN)
4570	4570	10	2072	15	1	1	0	63	0	0	0	255	255	255	255	255	255	0	// Air Lyn Bow (1 UN)
4580	4580	18	2074	15	1	1	7	63	0	0	0	254	254	254	255	255	255	0	// Devil Crossbow (1 UN)
4590	4590	18	2590	15	1	1	7	63	0	0	0	254	254	254	255	255	255	0	// Deadly Staff (1 UN)
4600	4600	4	2560	15	1	1	0	63	0	0	0	255	255	255	255	255	255	0	// Skull Staff (1 UN)
4610	4610	4	2561	15	1	1	0	63	0	0	0	255	255	255	255	255	255	0	// Angelic Staff (1 UN)
4620	4620	4	2562	15	1	1	0	63	0	0	0	255	255	255	255	255	255	0	// Serpent Staff (1 UN)
4630	4630	4	2563	15	1	1	0	63	0	0	0	255	255	255	255	255	255	0	// Thunder Staff (1 UN)
4640	4640	4	2564	15	1	1	0	63	0	0	0	255	255	255	255	255	255	0	// Gorgon Staff (1 UN)
4650	4650	8	2565	15	1	1	0	63	0	0	0	255	255	255	255	255	255	0	// Legendary Staff (1 UN)
4660	4660	8	2566	15	1	1	0	63	0	0	0	255	255	255	255	255	255	0	// Staff of Resurrection (1 UN)
4670	4670	8	2568	15	1	1	0	63	0	0	0	255	255	255	255	255	255	0	// Staff of Destruction (1 UN)
4680	4680	10	2569	15	1	1	0	63	0	0	0	255	255	255	255	255	255	0	// Dragon Soul Staff (1 UN)
4690	4690	10	2570	15	1	1	0	63	0	0	0	255	255	255	255	255	255	0	// Divine Staff of Archangel (1 UN)
4700	4700	10	2571	15	1	1	0	63	0	0	0	255	255	255	255	255	255	0	// Staff of Kundun (1 UN)
4710	4710	10	2572	15	1	1	0	63	0	0	0	255	255	255	255	255	255	0	// Grand Viper Staff (1 UN)
4720	4720	10	2573	15	1	1	0	63	0	0	0	255	255	255	255	255	255	0	// Platina Staff (1 UN)
4730	4730	4	2574	15	1	1	0	63	0	0	0	255	255	255	255	255	255	0	// Mystery Stick (1 UN)
4740	4740	8	2575	15	1	1	0	63	0	0	0	255	255	255	255	255	255	0	// Violent Wind Stick (1 UN)
4750	4750	10	2576	15	1	1	0	63	0	0	0	255	255	255	255	255	255	0	// Red Wing Stick (1 UN)
4760	4760	10	2577	15	1	1	0	63	0	0	0	255	255	255	255	255	255	0	// Ancient Stick (1 UN)
4770	4770	10	2578	15	1	1	0	63	0	0	0	255	255	255	255	255	255	0	// Demonic Stick (1 UN)
4780	4780	10	2579	15	1	1	0	63	0	0	0	255	255	255	255	255	255	0	// Storm Blitz Stick (1 UN)
4790	4790	10	2580	15	1	1	0	63	0	0	0	255	255	255	255	255	255	0	// Eternal Wing Stick (1 UN)
4800	4800	18	2581	15	1	1	0	63	0	0	0	255	255	255	255	255	255	0	// Book of Samut (1 UN)
4810	4810	18	2582	15	1	1	0	63	0	0	0	255	255	255	255	255	255	0	// Book of Neil (1 UN)
4820	4820	18	2583	15	1	1	0	63	0	0	0	255	255	255	255	255	255	0	// Book of Lagle (1 UN)
4830	4830	18	2591	15	1	1	7	63	0	0	0	254	254	254	255	255	255	0	// Inberial Staff (1 UN)
4840	4840	18	2592	15	1	1	7	63	0	0	0	254	254	254	255	255	255	0	// Merlin Staff (1 UN)
4850	4850	10	7171	0	0	0	0	0	0	0	0	255	255	255	255	255	255	0	// Large Healing Potion (1 UN)
4860	4860	18	2593	15	1	1	0	63	0	0	0	255	255	255	255	255	255	0	// Chrome Staff (1 UN)
4870	4870	18	2594	15	1	1	0	63	0	0	0	255	255	255	255	255	255	0	// Raven Stick (1 UN)
4880	4880	10	7174	0	0	0	0	0	0	0	0	255	255	255	255	255	255	0	// Large Mana Potion (1 UN)
4890	4890	18	2596	15	1	1	0	63	0	0	0	255	255	255	255	255	255	0	// Divine Stick of the Archangel (1 UN)
4900	4900	18	2597	15	1	1	0	63	0	0	0	255	255	255	255	255	255	0	// Spite Staff (1 UN)
4910	4910	4	3072	15	1	1	7	63	0	0	0	255	255	255	255	255	0	0	// Small Shield (1 UN)
4920	4920	4	3073	15	1	1	7	63	0	0	0	255	255	255	255	255	0	0	// Horn Shield (1 UN)
4930	4930	4	3074	15	1	1	7	63	0	0	0	255	255	255	255	255	0	0	// Kite Shield (1 UN)
4940	4940	4	3075	15	1	1	7	63	0	0	0	255	255	255	255	255	0	0	// Elven Shield (1 UN)
4950	4950	4	3076	15	1	1	7	63	0	0	0	255	255	255	255	255	0	0	// Buckler (1 UN)
4960	4960	4	3077	15	1	1	7	63	0	0	0	255	255	255	255	255	0	0	// Dragon Slayer Shield (1 UN)
4970	4970	4	3078	15	1	1	7	63	0	0	0	255	255	255	255	255	0	0	// Skull Shield (1 UN)
4980	4980	4	3079	15	1	1	7	63	0	0	0	255	255	255	255	255	0	0	// Spiked Shield (1 UN)
4990	4990	4	3080	15	1	1	7	63	0	0	0	255	255	255	255	255	0	0	// Tower Shield (1 UN)
5000	5000	4	3081	15	1	1	7	63	0	0	0	255	255	255	255	255	0	0	// Plate Shield (1 UN)
5010	5010	4	3082	15	1	1	7	63	0	0	0	255	255	255	255	255	0	0	// Large Round Shield (1 UN)
5020	5020	4	3083	15	1	1	7	63	0	0	0	255	255	255	255	255	0	0	// Serpent Shield (1 UN)
5030	5030	10	3084	15	1	1	7	63	0	0	0	255	255	255	255	255	0	0	// Bronze Shield (1 UN)
5040	5040	10	3085	15	1	1	7	63	0	0	0	255	255	255	255	255	0	0	// Chaos Dragon Shield (1 UN)
5050	5050	10	3086	15	1	1	7	63	0	0	0	255	255	255	255	255	0	0	// Legendary Shield (1 UN)
5060	5060	12	3087	15	1	1	7	63	0	0	0	255	255	255	255	255	0	0	// Grand Soul Shield (1 UN)
5070	5070	12	3088	15	1	1	7	63	0	0	0	255	255	255	255	255	0	0	// Elemental Shield (1 UN)
5080	5080	20	3089	15	1	1	7	63	0	0	0	254	254	254	255	255	0	0	// Crimson Glory (1 UN)
5090	5090	20	3090	15	1	1	7	63	0	0	0	254	254	254	255	255	0	0	// Salamander Shield (1 UN)
5100	5100	20	3091	15	1	1	7	63	0	0	0	254	254	254	255	255	0	0	// Frost Barrier (1 UN)
5110	5110	20	3092	15	1	1	7	63	0	0	0	254	254	254	255	255	0	0	// Guardian Shield (1 UN)
5120	5120	10	7176	0	0	0	0	0	0	0	0	255	255	255	255	255	255	0	// Antidote (1 UN)
5130	5130	400	6144	15	1	1	0	63	0	0	0	255	255	255	255	255	255	0	// Wings of Elf (1 UN)
5140	5140	400	6145	15	1	1	7	63	0	0	0	255	255	255	255	255	255	0	// Wings of Heaven (1 UN)
5150	5150	400	6146	15	1	1	7	63	0	0	0	255	255	255	255	255	255	0	// Wings of Satan (1 UN)
5160	5160	400	6185	15	1	1	7	63	0	0	0	255	255	255	255	255	255	0	// Wings of Misery (1 UN)
5170	5170	400	6686	15	1	1	7	63	0	0	0	255	255	255	255	255	255	0	// Cape of Lord (1 UN)
5180	5180	600	6147	15	1	1	7	63	0	0	0	255	255	255	255	255	255	0	// Wings of Spirits (1 UN)
5190	5190	600	6148	15	1	1	7	63	0	0	0	255	255	255	255	255	255	0	// Wings of Soul (1 UN)
5200	5200	600	6149	15	1	1	7	63	0	0	0	255	255	255	255	255	255	0	// Wings of Dragon (1 UN)
5210	5210	600	6150	15	1	1	7	63	0	0	0	255	255	255	255	255	255	0	// Wings of Darkness (1 UN)
5220	5220	800	6180	15	1	1	7	63	0	0	0	255	255	255	255	255	255	0	// Wings of Storm (1 UN)
5230	5230	800	6181	15	1	1	7	63	0	0	0	255	255	255	255	255	255	0	// Wings of Space-Time (1 UN)
5240	5240	800	6182	15	1	1	7	63	0	0	0	255	255	255	255	255	255	0	// Wings of Illusion (1 UN)
5250	5250	800	6183	15	1	1	7	63	0	0	0	255	255	255	255	255	255	0	// Wings of Doom (1 UN)
5260	5260	800	6184	15	1	1	7	63	0	0	0	255	255	255	255	255	255	0	// Mantle of Monarch (1 UN)
5270	5270	600	6186	15	1	1	7	63	0	0	0	255	255	255	255	255	255	0	// Wings of Despair (1 UN)
5280	5280	800	6187	15	1	1	7	63	0	0	0	255	255	255	255	255	255	0	// Wings of Dimension (1 UN)
5290	5290	300	6274	15	1	1	7	63	0	0	0	255	255	255	255	255	255	0	// Small Cape of Lord (1 UN)
5300	5300	300	6275	15	1	1	7	63	0	0	0	255	255	255	255	255	255	0	// Small Wing of Curse (1 UN)
5310	5310	300	6276	15	1	1	7	63	0	0	0	255	255	255	255	255	255	0	// Small Wings of Elf (1 UN)
5320	5320	300	6277	15	1	1	7	63	0	0	0	255	255	255	255	255	255	0	// Small Wings of Heaven (1 UN)
5330	5330	300	6278	15	1	1	7	63	0	0	0	255	255	255	255	255	255	0	// Small Wings of Satan (1 UN)
5340	5340	20	3093	15	1	1	7	63	0	0	0	254	254	254	255	255	0	0	// Cross Shield (1 UN)
5350	5350	1000	6289	15	1	1	0	63	0	0	0	255	255	255	255	255	255	0	// Wings of Angel and Devil (1 UN)
5360	5360	1000	6288	15	1	1	0	63	0	0	0	255	255	255	255	255	255	0	// Wings of Conqueror (1 UN)
5370	5370	10	6656	0	0	0	0	0	0	0	0	255	255	255	255	255	255	0	// Guardian Angel (1 UN)
5380	5380	10	6657	0	0	0	0	0	0	0	0	255	255	255	255	255	255	0	// Imp (1 UN)
5390	5390	15	6658	0	0	0	0	0	0	0	0	255	255	255	255	255	255	0	// Horn of Uniria (1 UN)
5400	5400	20	6659	0	0	0	0	0	0	0	0	255	255	255	255	255	255	0	// Horn of Dinorant (1 UN)
5410	5410	25	6660	0	1	1	0	63	0	0	0	255	255	255	255	255	255	0	// Dark Horse (1 UN)
5420	5420	25	6661	0	1	1	0	63	0	0	0	255	255	255	255	255	255	0	// Dark Raven (1 UN)
5430	5430	200	6693	0	1	1	0	0	0	0	0	255	255	255	255	255	255	0	// Horn of Fenrir (1 UN)
5440	5440	200	6693	0	1	1	0	1	0	0	0	255	255	255	255	255	255	0	// Horn of Fenrir (1 UN)
5450	5450	200	6693	0	1	1	0	2	0	0	0	255	255	255	255	255	255	0	// Horn of Fenrir (1 UN)
5460	5460	200	6693	0	1	1	0	4	0	0	0	255	255	255	255	255	255	0	// Horn of Fenrir (1 UN)
5470	5470	300	6699	0	0	0	0	0	0	0	0	255	255	255	255	255	255	2592000	// Seal of Ascension (30 Days)
5480	5480	400	6700	0	0	0	0	0	0	0	0	255	255	255	255	255	255	2592000	// Seal of Wealth (30 Days)
5490	5490	450	6701	0	0	0	0	0	0	0	0	255	255	255	255	255	255	2592000	// Seal of Sustenance (30 Days)
5500	5500	200	6715	0	0	0	0	0	0	0	0	255	255	255	255	255	255	2592000	// Seal of Mobility (30 Days)
5510	5510	80	6720	0	1	1	0	63	0	0	0	255	255	255	255	255	255	0	// Demon (1 UN)
5520	5520	300	6718	0	0	0	0	0	0	0	0	255	255	255	255	255	255	2592000	// Seal of Healing (30 Days)
5530	5530	300	6719	0	0	0	0	0	0	0	0	255	255	255	255	255	255	2592000	// Seal of Divinity (30 Days)
5540	5540	300	6737	0	0	0	0	0	0	0	0	255	255	255	255	255	255	2592000	// Talisman of Guardian (30 Days)
5550	5550	300	6738	0	0	0	0	0	0	0	0	255	255	255	255	255	255	2592000	// Talisman of Item Protection (30 Days)
5560	5560	80	6721	0	1	1	0	63	0	0	0	255	255	255	255	255	255	0	// Spirit of Guardian (1 UN)
5570	5570	250	6760	0	0	0	0	0	0	0	0	255	255	255	255	255	255	2592000	// Max AG Boost Aura (30 Days)
5580	5580	250	6761	0	0	0	0	0	0	0	0	255	255	255	255	255	255	2592000	// Max SD Boost Aura (30 Days)
5590	5590	100	6723	0	1	1	0	63	0	0	0	255	255	255	255	255	255	0	// Rudolf (1 UN)
5600	5600	100	6736	0	1	1	0	63	0	0	0	255	255	255	255	255	255	0	// PandaPet (1 UN)
5610	5610	150	6762	0	1	1	0	63	0	0	0	255	255	255	255	255	255	0	// Pet Unicorn (1 UN)
5620	5620	150	6779	0	1	1	0	63	0	0	0	255	255	255	255	255	255	0	// Pet Skeleton (1 UN)
5630	5630	100	7260	0	0	0	0	0	0	0	0	255	255	255	255	255	255	0	// Chaos Card Gold (1 UN)
5640	5640	150	7261	0	0	0	0	0	0	0	0	255	255	255	255	255	255	0	// Chaos Card Rare (1 UN)
5650	5650	50	7263	0	0	0	0	0	0	0	0	255	255	255	255	255	255	0	// Chaos Card Mini (1 UN)
5660	5660	10	7181	0	0	0	0	0	0	0	0	255	255	255	255	255	0	0	// Jewel of Bless (1 UN)
5670	5670	15	7182	0	0	0	0	0	0	0	0	255	255	255	255	255	0	0	// Jewel of Soul (1 UN)
5680	5680	50	7184	0	0	0	0	0	0	0	0	255	255	255	255	255	0	0	// Jewel of Life (1 UN)
5690	5690	80	7190	0	0	0	0	0	0	0	0	255	255	255	255	255	0	0	// Jewel of Creation (1 UN)
5700	5700	200	7199	0	0	0	0	0	0	0	0	255	255	255	255	255	0	0	// Jewel of Guardian (1 UN)
5710	5710	200	7195	0	0	0	0	0	0	0	0	255	255	255	255	255	0	0	// Ancient Metal (1 UN)
5720	5720	10	6702	0	0	0	0	0	0	0	0	255	255	255	255	255	10	0	// Devil Square Ticket (1 UN)
5730	5730	10	6703	0	0	0	0	0	0	0	0	255	255	255	255	255	10	0	// Blood Castle Ticket (1 UN)
5740	5740	10	6704	0	0	0	0	0	0	0	0	255	255	255	255	255	10	0	// Kalima Ticket (1 UN)
5750	5750	10	6717	0	0	0	0	0	0	0	0	255	255	255	255	255	10	0	// Illusion Temple Ticket (1 UN)
5760	5760	10	6777	0	0	0	0	0	0	0	0	255	255	255	255	255	10	0	// Open Access Ticket to Chaos (1 UN)
5770	5770	200	7210	0	0	0	0	0	0	0	0	255	255	255	255	255	0	0	// Jewel of Harmony (1 UN)
5780	5780	30	7211	0	0	0	0	0	0	0	0	255	255	255	255	255	0	0	// Lower Refining Stone (1 UN)
5790	5790	50	7212	0	0	0	0	0	0	0	0	255	255	255	255	255	0	0	// Higher Refining Stone (1 UN)
5800	5800	10	6159	0	0	0	0	0	0	0	0	255	255	255	255	255	0	0	// Jewel of Chaos (1 UN)
5810	5810	100	6174	0	0	0	0	0	0	0	0	255	255	255	255	255	0	0	// Bundled Jewel of Bless (1 UN)
5820	5820	150	6175	0	0	0	0	0	0	0	0	255	255	255	255	255	0	0	// Bundled Jewel of Soul (1 UN)
5830	5830	200	6174	1	0	0	0	0	0	0	0	255	255	255	255	255	0	0	// Bundled Jewel of Bless (1 UN)
5840	5840	300	6175	1	0	0	0	0	0	0	0	255	255	255	255	255	0	0	// Bundled Jewel of Soul (1 UN)
5850	5850	300	6174	2	0	0	0	0	0	0	0	255	255	255	255	255	0	0	// Bundled Jewel of Bless (1 UN)
5860	5860	450	6175	2	0	0	0	0	0	0	0	255	255	255	255	255	0	0	// Bundled Jewel of Soul (1 UN)
5870	5870	50	6268	2	0	0	0	0	0	0	0	255	255	255	255	255	0	0	// Seed Sphere (Fire) (1 UN)
5880	5880	50	6269	2	0	0	0	0	0	0	0	255	255	255	255	255	0	0	// Seed Sphere (Water) (1 UN)
5890	5890	50	6270	2	0	0	0	0	0	0	0	255	255	255	255	255	0	0	// Seed Sphere (Ice) (1 UN)
5900	5900	50	6271	2	0	0	0	0	0	0	0	255	255	255	255	255	0	0	// Seed Sphere (Wind) (1 UN)
5910	5910	50	6272	2	0	0	0	0	0	0	0	255	255	255	255	255	0	0	// Seed Sphere (Lightning) (1 UN)
5920	5920	50	6273	2	0	0	0	0	0	0	0	255	255	255	255	255	0	0	// Seed Sphere (Earth) (1 UN)
5930	5930	20	7175	0	0	0	0	0	0	0	0	255	255	255	255	255	255	0	// Siege Potion (1 UN)
5940	5940	10	7177	0	0	0	0	0	0	0	0	255	255	255	255	255	255	0	// Ale (1 UN)
5950	5950	10	7188	0	0	0	0	0	0	0	0	255	255	255	255	255	255	0	// Remedy of Love (1 UN)
5960	5960	50	7205	0	0	0	0	0	0	0	0	255	255	255	255	255	255	0	// Large SD Potion (1 UN)
5970	5970	50	7208	0	0	0	0	0	0	0	0	255	255	255	255	255	255	0	// Large Rejuvenation Potion (1 UN)
5980	5980	300	7246	0	0	0	0	0	0	0	0	255	255	255	255	255	10	0	// Leap of Strength (1 UN)
5990	5990	300	7247	0	0	0	0	0	0	0	0	255	255	255	255	255	10	0	// Leap of Agility (1 UN)
6000	6000	300	7248	0	0	0	0	0	0	0	0	255	255	255	255	255	10	0	// Leap of Vitality (1 UN)
6010	6010	300	7249	0	0	0	0	0	0	0	0	255	255	255	255	255	10	0	// Leap of Energy (1 UN)
6020	6020	300	7250	0	0	0	0	0	0	0	0	255	255	255	255	255	10	0	// Leap of Command (1 UN)
6030	6030	500	7238	0	0	0	0	0	0	0	0	255	255	255	255	255	255	0	// Elite Healing Potion (1 UN)
6040	6040	500	7239	0	0	0	0	0	0	0	0	255	255	255	255	255	255	0	// Elite Mana Potion (1 UN)
6050	6050	600	7301	0	0	0	0	0	0	0	0	255	255	255	255	255	255	0	// Elite SD Potion (1 UN)
6060	6060	200	7240	0	0	0	0	0	0	0	0	255	255	255	255	255	255	2592000	// Scroll of Quickness (30 Days)
6070	6070	200	7241	0	0	0	0	0	0	0	0	255	255	255	255	255	255	2592000	// Scroll of Protection (30 Days)
6080	6080	200	7242	0	0	0	0	0	0	0	0	255	255	255	255	255	255	2592000	// Scroll of Wrath (30 Days)
6090	6090	200	7243	0	0	0	0	0	0	0	0	255	255	255	255	255	255	2592000	// Scroll of Wizardry (30 Days)
6100	6100	200	7244	0	0	0	0	0	0	0	0	255	255	255	255	255	255	2592000	// Scroll of Health (30 Days)
6110	6110	200	7245	0	0	0	0	0	0	0	0	255	255	255	255	255	255	2592000	// Scroll of Mana (30 Days)
6120	6120	200	7265	0	0	0	0	0	0	0	0	255	255	255	255	255	255	2592000	// Scroll of Battle (30 Days)
6130	6130	200	7266	0	0	0	0	0	0	0	0	255	255	255	255	255	255	2592000	// Scroll of Strengthener (30 Days)
6140	6140	200	7308	0	0	0	0	0	0	0	0	255	255	255	255	255	255	2592000	// Scroll of Healing (30 Days)
6150	6150	300	6664	15	1	1	7	63	0	0	0	255	255	255	255	255	255	0	// Ring of Ice (1 UN)
6160	6160	300	6665	15	1	1	7	63	0	0	0	255	255	255	255	255	255	0	// Ring of Poison (1 UN)
6170	6170	300	6668	15	1	1	7	63	0	0	0	255	255	255	255	255	255	0	// Pendant of Lightning (1 UN)
6180	6180	300	6669	15	1	1	7	63	0	0	0	255	255	255	255	255	255	0	// Pendant of Fire (1 UN)
6190	6190	300	6677	15	1	1	7	63	0	0	0	255	255	255	255	255	255	0	// Ring of Fire (1 UN)
6200	6200	300	6678	15	1	1	7	63	0	0	0	255	255	255	255	255	255	0	// Ring of Earth (1 UN)
6210	6210	300	6679	15	1	1	7	63	0	0	0	255	255	255	255	255	255	0	// Ring of Wind (1 UN)
6220	6220	300	6680	15	1	1	7	63	0	0	0	255	255	255	255	255	255	0	// Ring of Magic (1 UN)
6230	6230	300	6681	15	1	1	7	63	0	0	0	255	255	255	255	255	255	0	// Pendant of Ice (1 UN)
6240	6240	300	6682	15	1	1	7	63	0	0	0	255	255	255	255	255	255	0	// Pendant of Wind (1 UN)
6250	6250	300	6683	15	1	1	7	63	0	0	0	255	255	255	255	255	255	0	// Pendant of Water (1 UN)
6260	6260	300	6684	15	1	1	7	63	0	0	0	255	255	255	255	255	255	0	// Pendant of Ability (1 UN)
6270	6270	400	6732	15	1	1	0	63	0	0	0	255	255	255	255	255	255	0	// Panda Ring (1 UN)
6280	6280	150	6763	15	1	1	0	63	0	0	0	255	255	255	255	255	255	0	// Lethal Wizard's Ring (1 UN)
6290	6290	150	6765	15	1	1	0	63	0	0	0	255	255	255	255	255	255	0	// Sapphire Ring (1 UN)
6300	6300	150	6767	15	1	1	0	63	0	0	0	255	255	255	255	255	255	0	// Topaz Ring (1 UN)
6310	6310	150	6768	15	1	1	0	63	0	0	0	255	255	255	255	255	255	0	// Amethyst Ring (1 UN)
6320	6320	150	6769	15	1	1	0	63	0	0	0	255	255	255	255	255	255	0	// Ruby Necklace (1 UN)
6330	6330	150	6770	15	1	1	0	63	0	0	0	255	255	255	255	255	255	0	// Emerald Necklace (1 UN)
6340	6340	150	6771	15	1	1	0	63	0	0	0	255	255	255	255	255	255	0	// Sapphire Necklace (1 UN)
6350	6350	400	6778	15	1	1	0	63	0	0	0	255	255	255	255	255	255	0	// Skeleton Transformation Ring (1 UN)
6360	6360	1000	6780	1	0	0	0	0	0	0	0	255	255	255	255	255	0	2592000	// Bronze Package (30 Days)
6370	6370	2000	6780	2	0	0	0	0	0	0	0	255	255	255	255	255	0	2592000	// Silver Package (30 Days)
6380	6380	1000	6290	15	1	1	0	63	0	0	0	255	255	255	255	255	255	0	// Wings of Thunder (1 UN)
6390	6390	1000	6291	15	1	1	0	63	0	0	0	255	255	255	255	255	255	0	// Wing of Chaos (1 UN)
6400	6400	1000	6292	15	1	1	0	63	0	0	0	255	255	255	255	255	255	0	// Wing of Life (1 UN)
6410	6410	1000	6293	15	1	1	0	63	0	0	0	255	255	255	255	255	255	0	// Wing of Magic (1 UN)
6420	6420	1000	6294	15	1	1	0	63	0	0	0	255	255	255	255	255	255	0	// Cloak of Death (1 UN)
6430	6430	1000	6295	15	1	1	0	63	0	0	0	255	255	255	255	255	255	0	// Elysium's Wings (1 UN)
6440	6440	1000	6296	15	1	1	0	63	0	0	0	255	255	255	255	255	255	0	// Flame God's Wings (1 UN)
6450	6450	1000	6297	15	1	1	0	63	0	0	0	255	255	255	255	255	255	0	// Celestial Body's Wings (1 UN)
6460	6460	1000	6298	15	1	1	0	63	0	0	0	255	255	255	255	255	255	0	// Annihilation's Wings (1 UN)
6470	6470	1000	6299	15	1	1	0	63	0	0	0	255	255	255	255	255	255	0	// Dominator's Cloak (1 UN)
6480	6480	1000	6300	15	1	1	0	63	0	0	0	255	255	255	255	255	255	0	// Other World's Wings (1 UN)
6490	6490	1000	6301	15	1	1	0	63	0	0	0	255	255	255	255	255	255	0	// Judgment's Cloak (1 UN)
6500	6500	8	5136	15	1	1	7	63	0	0	0	255	255	255	255	255	255	0	// Black Dragon Gloves (1 UN)
6510	6510	3000	6780	3	0	0	0	0	0	0	0	255	255	255	255	255	0	2592000	// Gold Package (30 Days)
10000	10000	200	3601	15	1	1	7	63	5	0	0	255	255	255	255	255	0	0	// Dark Phoenix Helm (1 UN)
10001	10001	200	4113	15	1	1	7	63	5	0	0	255	255	255	255	255	0	0	// Dark Phoenix Armor (1 UN)
10002	10002	200	4625	15	1	1	7	63	5	0	0	255	255	255	255	255	0	0	// Dark Phoenix Pants (1 UN)
10003	10003	200	5137	15	1	1	7	63	5	0	0	255	255	255	255	255	0	0	// Dark Phoenix Gloves (1 UN)
10004	10004	200	5649	15	1	1	7	63	5	0	0	255	255	255	255	255	0	0	// Dark Phoenix Boots (1 UN)
10005	10005	200	17	15	1	1	7	63	5	0	0	255	255	255	255	255	0	0	// Dark Breaker (1 UN)
end
