//|================================================================|
//| Zythe CashShop Editor                                          |
//| Credit: Zyth3/louis                          [skype:tec-facil] |
//|================================================================|
//Cat	ID	Main	Item	Coin	Price	Bonus	PBase1	PBase2	PBase3	PBase4	PBase5	PBase6	PBase7	PBase8	PBase9	PBase10	PMain1	PMain2	PMain3	PMain4	PMain5	PMain6	PMain7	PMain8	PMain9	PMain10	Comment
31	491	491	1	508	4	0	4910	0	0	0	0	0	0	0	0	0	4910	0	0	0	0	0	0	0	0	0	// Small Shield
31	492	492	1	508	4	0	4920	0	0	0	0	0	0	0	0	0	4920	0	0	0	0	0	0	0	0	0	// Horn Shield
31	493	493	1	508	4	0	4930	0	0	0	0	0	0	0	0	0	4930	0	0	0	0	0	0	0	0	0	// Kite Shield
31	494	494	1	508	4	0	4940	0	0	0	0	0	0	0	0	0	4940	0	0	0	0	0	0	0	0	0	// Elven Shield
31	495	495	1	508	4	0	4950	0	0	0	0	0	0	0	0	0	4950	0	0	0	0	0	0	0	0	0	// Buckler
31	496	496	1	508	4	0	4960	0	0	0	0	0	0	0	0	0	4960	0	0	0	0	0	0	0	0	0	// Dragon Slayer Shield
31	497	497	1	508	4	0	4970	0	0	0	0	0	0	0	0	0	4970	0	0	0	0	0	0	0	0	0	// Skull Shield
31	498	498	1	508	4	0	4980	0	0	0	0	0	0	0	0	0	4980	0	0	0	0	0	0	0	0	0	// Spiked Shield
31	499	499	1	508	4	0	4990	0	0	0	0	0	0	0	0	0	4990	0	0	0	0	0	0	0	0	0	// Tower Shield
31	500	500	1	508	4	0	5000	0	0	0	0	0	0	0	0	0	5000	0	0	0	0	0	0	0	0	0	// Plate Shield
31	501	501	1	508	4	0	5010	0	0	0	0	0	0	0	0	0	5010	0	0	0	0	0	0	0	0	0	// Large Round Shield
31	502	502	1	508	4	0	5020	0	0	0	0	0	0	0	0	0	5020	0	0	0	0	0	0	0	0	0	// Serpent Shield
31	503	503	1	508	10	0	5030	0	0	0	0	0	0	0	0	0	5030	0	0	0	0	0	0	0	0	0	// Bronze Shield
31	504	504	1	508	10	0	5040	0	0	0	0	0	0	0	0	0	5040	0	0	0	0	0	0	0	0	0	// Chaos Dragon Shield
31	505	505	1	508	10	0	5050	0	0	0	0	0	0	0	0	0	5050	0	0	0	0	0	0	0	0	0	// Legendary Shield
31	506	506	1	508	12	0	5060	0	0	0	0	0	0	0	0	0	5060	0	0	0	0	0	0	0	0	0	// Grand Soul Shield
31	507	507	1	508	12	0	5070	0	0	0	0	0	0	0	0	0	5070	0	0	0	0	0	0	0	0	0	// Elemental Shield
31	508	508	1	508	20	0	5080	0	0	0	0	0	0	0	0	0	5080	0	0	0	0	0	0	0	0	0	// Crimson Glory
31	509	509	1	508	20	0	5090	0	0	0	0	0	0	0	0	0	5090	0	0	0	0	0	0	0	0	0	// Salamander Shield
31	510	510	1	508	20	0	5100	0	0	0	0	0	0	0	0	0	5100	0	0	0	0	0	0	0	0	0	// Frost Barrier
31	511	511	1	508	20	0	5110	0	0	0	0	0	0	0	0	0	5110	0	0	0	0	0	0	0	0	0	// Guardian Shield
31	534	534	1	508	20	0	5340	0	0	0	0	0	0	0	0	0	5340	0	0	0	0	0	0	0	0	0	// Cross Shield
32	109	109	1	508	4	0	1090	0	0	0	0	0	0	0	0	0	1090	0	0	0	0	0	0	0	0	0	// Bronze Helm
32	115	115	1	508	4	0	1150	0	0	0	0	0	0	0	0	0	1150	0	0	0	0	0	0	0	0	0	// Dragon Helm
32	116	116	1	508	4	0	1160	0	0	0	0	0	0	0	0	0	1160	0	0	0	0	0	0	0	0	0	// Pad Helm
32	117	117	1	508	4	0	1170	0	0	0	0	0	0	0	0	0	1170	0	0	0	0	0	0	0	0	0	// Legendary Helm
32	118	118	1	508	4	0	1180	0	0	0	0	0	0	0	0	0	1180	0	0	0	0	0	0	0	0	0	// Bone Helm
32	119	119	1	508	4	0	1190	0	0	0	0	0	0	0	0	0	1190	0	0	0	0	0	0	0	0	0	// Leather Helm
32	120	120	1	508	4	0	1200	0	0	0	0	0	0	0	0	0	1200	0	0	0	0	0	0	0	0	0	// Scale Helm
32	121	121	1	508	4	0	1210	0	0	0	0	0	0	0	0	0	1210	0	0	0	0	0	0	0	0	0	// Sphinx Mask
32	122	122	1	508	4	0	1220	0	0	0	0	0	0	0	0	0	1220	0	0	0	0	0	0	0	0	0	// Brass Helm
32	123	123	1	508	4	0	1230	0	0	0	0	0	0	0	0	0	1230	0	0	0	0	0	0	0	0	0	// Plate Helm
32	124	124	1	508	4	0	1240	0	0	0	0	0	0	0	0	0	1240	0	0	0	0	0	0	0	0	0	// Vine Helm
32	125	125	1	508	4	0	1250	0	0	0	0	0	0	0	0	0	1250	0	0	0	0	0	0	0	0	0	// Silk Helm
32	126	126	1	508	4	0	1260	0	0	0	0	0	0	0	0	0	1260	0	0	0	0	0	0	0	0	0	// Wind Helm
32	127	127	1	508	4	0	1270	0	0	0	0	0	0	0	0	0	1270	0	0	0	0	0	0	0	0	0	// Spirit Helm
32	128	128	1	508	4	0	1280	0	0	0	0	0	0	0	0	0	1280	0	0	0	0	0	0	0	0	0	// Guardian Helm
32	129	129	1	508	8	0	1290	0	0	0	0	0	0	0	0	0	1290	0	0	0	0	0	0	0	0	0	// Black Dragon Helm
32	130	130	1	508	8	0	1300	0	0	0	0	0	0	0	0	0	1300	0	0	0	0	0	0	0	0	0	// Dark Phoenix Helm
32	131	131	1	508	8	0	1310	0	0	0	0	0	0	0	0	0	1310	0	0	0	0	0	0	0	0	0	// Grand Soul Helm
32	132	132	1	508	8	0	1320	0	0	0	0	0	0	0	0	0	1320	0	0	0	0	0	0	0	0	0	// Holy Spirit Helm
32	133	133	1	508	8	0	1330	0	0	0	0	0	0	0	0	0	1330	0	0	0	0	0	0	0	0	0	// Great Dragon Helm
32	134	134	1	508	8	0	1340	0	0	0	0	0	0	0	0	0	1340	0	0	0	0	0	0	0	0	0	// Dark Soul Helm
32	135	135	1	508	8	0	1350	0	0	0	0	0	0	0	0	0	1350	0	0	0	0	0	0	0	0	0	// Red Spirit Helm
32	136	136	1	508	8	0	1360	0	0	0	0	0	0	0	0	0	1360	0	0	0	0	0	0	0	0	0	// Light Plate Mask
32	137	137	1	508	10	0	1370	0	0	0	0	0	0	0	0	0	1370	0	0	0	0	0	0	0	0	0	// Adamantine Mask
32	138	138	1	508	10	0	1380	0	0	0	0	0	0	0	0	0	1380	0	0	0	0	0	0	0	0	0	// Dark Steel Mask
32	139	139	1	508	10	0	1390	0	0	0	0	0	0	0	0	0	1390	0	0	0	0	0	0	0	0	0	// Dark Master Mask
32	140	140	1	508	10	0	1400	0	0	0	0	0	0	0	0	0	1400	0	0	0	0	0	0	0	0	0	// Dragon Knight Helm
32	141	141	1	508	10	0	1410	0	0	0	0	0	0	0	0	0	1410	0	0	0	0	0	0	0	0	0	// Venom Mist Helm
32	142	142	1	508	10	0	1420	0	0	0	0	0	0	0	0	0	1420	0	0	0	0	0	0	0	0	0	// Sylphid Ray Helm
32	143	143	1	508	10	0	1430	0	0	0	0	0	0	0	0	0	1430	0	0	0	0	0	0	0	0	0	// Sunlight Mask
32	144	144	1	508	10	0	1440	0	0	0	0	0	0	0	0	0	1440	0	0	0	0	0	0	0	0	0	// Ashcrow Helm
32	145	145	1	508	10	0	1450	0	0	0	0	0	0	0	0	0	1450	0	0	0	0	0	0	0	0	0	// Eclipse Helm
32	146	146	1	508	10	0	1460	0	0	0	0	0	0	0	0	0	1460	0	0	0	0	0	0	0	0	0	// Iris Helm
32	147	147	1	508	10	0	1470	0	0	0	0	0	0	0	0	0	1470	0	0	0	0	0	0	0	0	0	// Glorious Mask
32	148	148	1	508	10	0	1480	0	0	0	0	0	0	0	0	0	1480	0	0	0	0	0	0	0	0	0	// Violent Wind Helm
32	149	149	1	508	10	0	1490	0	0	0	0	0	0	0	0	0	1490	0	0	0	0	0	0	0	0	0	// Red Wing Helm
32	150	150	1	508	10	0	1500	0	0	0	0	0	0	0	0	0	1500	0	0	0	0	0	0	0	0	0	// Ancient Helm
32	151	151	1	508	10	0	1510	0	0	0	0	0	0	0	0	0	1510	0	0	0	0	0	0	0	0	0	// Demonic Helm
32	152	152	1	508	10	0	1520	0	0	0	0	0	0	0	0	0	1520	0	0	0	0	0	0	0	0	0	// Storm Blitz Helm
32	153	153	1	508	18	0	1530	0	0	0	0	0	0	0	0	0	1530	0	0	0	0	0	0	0	0	0	// Lilium Helm
32	154	154	1	508	18	0	1540	0	0	0	0	0	0	0	0	0	1540	0	0	0	0	0	0	0	0	0	// Titan Helm
32	155	155	1	508	18	0	1550	0	0	0	0	0	0	0	0	0	1550	0	0	0	0	0	0	0	0	0	// Brave Helm
32	156	156	1	508	18	0	1560	0	0	0	0	0	0	0	0	0	1560	0	0	0	0	0	0	0	0	0	// Seraphim Helm
32	157	157	1	508	18	0	1570	0	0	0	0	0	0	0	0	0	1570	0	0	0	0	0	0	0	0	0	// Divine Helm
32	158	158	1	508	18	0	1580	0	0	0	0	0	0	0	0	0	1580	0	0	0	0	0	0	0	0	0	// Royal Helm
32	159	159	1	508	18	0	1590	0	0	0	0	0	0	0	0	0	1590	0	0	0	0	0	0	0	0	0	// Hades Helm
32	160	160	1	508	18	0	1600	0	0	0	0	0	0	0	0	0	1600	0	0	0	0	0	0	0	0	0	// Queen Helm
33	161	161	1	508	18	0	1610	0	0	0	0	0	0	0	0	0	1610	0	0	0	0	0	0	0	0	0	// Lilium Armor
33	162	162	1	508	4	0	1620	0	0	0	0	0	0	0	0	0	1620	0	0	0	0	0	0	0	0	0	// Bronze Armor
33	163	163	1	508	4	0	1630	0	0	0	0	0	0	0	0	0	1630	0	0	0	0	0	0	0	0	0	// Dragon Armor
33	164	164	1	508	4	0	1640	0	0	0	0	0	0	0	0	0	1640	0	0	0	0	0	0	0	0	0	// Pad Armor
33	165	165	1	508	4	0	1650	0	0	0	0	0	0	0	0	0	1650	0	0	0	0	0	0	0	0	0	// Legendary Armor
33	166	166	1	508	4	0	1660	0	0	0	0	0	0	0	0	0	1660	0	0	0	0	0	0	0	0	0	// Bone Armor
33	167	167	1	508	4	0	1670	0	0	0	0	0	0	0	0	0	1670	0	0	0	0	0	0	0	0	0	// Leather Armor
33	168	168	1	508	4	0	1680	0	0	0	0	0	0	0	0	0	1680	0	0	0	0	0	0	0	0	0	// Scale Armor
33	169	169	1	508	4	0	1690	0	0	0	0	0	0	0	0	0	1690	0	0	0	0	0	0	0	0	0	// Sphinx Armor
33	170	170	1	508	4	0	1700	0	0	0	0	0	0	0	0	0	1700	0	0	0	0	0	0	0	0	0	// Brass Armor
33	171	171	1	508	4	0	1710	0	0	0	0	0	0	0	0	0	1710	0	0	0	0	0	0	0	0	0	// Plate Armor
33	172	172	1	508	4	0	1720	0	0	0	0	0	0	0	0	0	1720	0	0	0	0	0	0	0	0	0	// Vine Armor
33	173	173	1	508	4	0	1730	0	0	0	0	0	0	0	0	0	1730	0	0	0	0	0	0	0	0	0	// Silk Armor
33	174	174	1	508	4	0	1740	0	0	0	0	0	0	0	0	0	1740	0	0	0	0	0	0	0	0	0	// Wind Armor
33	175	175	1	508	4	0	1750	0	0	0	0	0	0	0	0	0	1750	0	0	0	0	0	0	0	0	0	// Spirit Armor
33	176	176	1	508	4	0	1760	0	0	0	0	0	0	0	0	0	1760	0	0	0	0	0	0	0	0	0	// Guardian Armor
33	177	177	1	508	4	0	1770	0	0	0	0	0	0	0	0	0	1770	0	0	0	0	0	0	0	0	0	// Storm Crow Armor
33	178	178	1	508	8	0	1780	0	0	0	0	0	0	0	0	0	1780	0	0	0	0	0	0	0	0	0	// Black Dragon Armor
33	179	179	1	508	8	0	1790	0	0	0	0	0	0	0	0	0	1790	0	0	0	0	0	0	0	0	0	// Dark Phoenix Armor
33	180	180	1	508	8	0	1800	0	0	0	0	0	0	0	0	0	1800	0	0	0	0	0	0	0	0	0	// Grand Soul Armor
33	181	181	1	508	8	0	1810	0	0	0	0	0	0	0	0	0	1810	0	0	0	0	0	0	0	0	0	// Holy Spirit Armor
33	182	182	1	508	8	0	1820	0	0	0	0	0	0	0	0	0	1820	0	0	0	0	0	0	0	0	0	// Thunder Hawk Armor
33	183	183	1	508	8	0	1830	0	0	0	0	0	0	0	0	0	1830	0	0	0	0	0	0	0	0	0	// Great Dragon Armor
33	184	184	1	508	8	0	1840	0	0	0	0	0	0	0	0	0	1840	0	0	0	0	0	0	0	0	0	// Dark Soul Armor
33	185	185	1	508	8	0	1850	0	0	0	0	0	0	0	0	0	1850	0	0	0	0	0	0	0	0	0	// Hurricane Armor
33	186	186	1	508	8	0	1860	0	0	0	0	0	0	0	0	0	1860	0	0	0	0	0	0	0	0	0	// Red Sprit Armor
33	187	187	1	508	8	0	1870	0	0	0	0	0	0	0	0	0	1870	0	0	0	0	0	0	0	0	0	// Light Plate Armor
33	188	188	1	508	8	0	1880	0	0	0	0	0	0	0	0	0	1880	0	0	0	0	0	0	0	0	0	// Adamantine Armor
33	189	189	1	508	8	0	1890	0	0	0	0	0	0	0	0	0	1890	0	0	0	0	0	0	0	0	0	// Dark Steel Armor
33	190	190	1	508	8	0	1900	0	0	0	0	0	0	0	0	0	1900	0	0	0	0	0	0	0	0	0	// Dark Master Armor
33	191	191	1	508	8	0	1910	0	0	0	0	0	0	0	0	0	1910	0	0	0	0	0	0	0	0	0	// Dragon Knight Armor
33	192	192	1	508	8	0	1920	0	0	0	0	0	0	0	0	0	1920	0	0	0	0	0	0	0	0	0	// Venom Mist Armor
33	193	193	1	508	8	0	1930	0	0	0	0	0	0	0	0	0	1930	0	0	0	0	0	0	0	0	0	// Sylphid Ray Armor
33	194	194	1	508	8	0	1940	0	0	0	0	0	0	0	0	0	1940	0	0	0	0	0	0	0	0	0	// Volcano Armor
33	195	195	1	508	8	0	1950	0	0	0	0	0	0	0	0	0	1950	0	0	0	0	0	0	0	0	0	// Sunlight Armor
33	196	196	1	508	8	0	1960	0	0	0	0	0	0	0	0	0	1960	0	0	0	0	0	0	0	0	0	// Ashcrow Armor
33	197	197	1	508	8	0	1970	0	0	0	0	0	0	0	0	0	1970	0	0	0	0	0	0	0	0	0	// Eclipse Armor
33	198	198	1	508	8	0	1980	0	0	0	0	0	0	0	0	0	1980	0	0	0	0	0	0	0	0	0	// Iris Armor
33	199	199	1	508	8	0	1990	0	0	0	0	0	0	0	0	0	1990	0	0	0	0	0	0	0	0	0	// Valiant Armor
33	200	200	1	508	8	0	2000	0	0	0	0	0	0	0	0	0	2000	0	0	0	0	0	0	0	0	0	// Glorious Armor
33	201	201	1	508	8	0	2010	0	0	0	0	0	0	0	0	0	2010	0	0	0	0	0	0	0	0	0	// Violent Wind Armor
33	202	202	1	508	8	0	2020	0	0	0	0	0	0	0	0	0	2020	0	0	0	0	0	0	0	0	0	// Red Wing Armor
33	203	203	1	508	8	0	2030	0	0	0	0	0	0	0	0	0	2030	0	0	0	0	0	0	0	0	0	// Ancient Armor
33	204	204	1	508	8	0	2040	0	0	0	0	0	0	0	0	0	2040	0	0	0	0	0	0	0	0	0	// Demonic Armor
33	205	205	1	508	8	0	2050	0	0	0	0	0	0	0	0	0	2050	0	0	0	0	0	0	0	0	0	// Storm Blitz Armor
33	206	206	1	508	18	0	2060	0	0	0	0	0	0	0	0	0	2060	0	0	0	0	0	0	0	0	0	// Titan Armor
33	207	207	1	508	18	0	2070	0	0	0	0	0	0	0	0	0	2070	0	0	0	0	0	0	0	0	0	// Brave Armor
33	208	208	1	508	18	0	2080	0	0	0	0	0	0	0	0	0	2080	0	0	0	0	0	0	0	0	0	// Phantom Armor
33	209	209	1	508	18	0	2090	0	0	0	0	0	0	0	0	0	2090	0	0	0	0	0	0	0	0	0	// Destroy Armor
33	210	210	1	508	18	0	2100	0	0	0	0	0	0	0	0	0	2100	0	0	0	0	0	0	0	0	0	// Seraphim Armor
33	211	211	1	508	18	0	2110	0	0	0	0	0	0	0	0	0	2110	0	0	0	0	0	0	0	0	0	// Divine Armor
33	212	212	1	508	18	0	2120	0	0	0	0	0	0	0	0	0	2120	0	0	0	0	0	0	0	0	0	// Royal Armor
33	213	213	1	508	18	0	2130	0	0	0	0	0	0	0	0	0	2130	0	0	0	0	0	0	0	0	0	// Hades Armor
33	214	214	1	508	18	0	2140	0	0	0	0	0	0	0	0	0	2140	0	0	0	0	0	0	0	0	0	// Queen Armor
34	216	216	1	508	4	0	2160	0	0	0	0	0	0	0	0	0	2160	0	0	0	0	0	0	0	0	0	// Bronze Pants
34	217	217	1	508	4	0	2170	0	0	0	0	0	0	0	0	0	2170	0	0	0	0	0	0	0	0	0	// Dragon Pants
34	218	218	1	508	4	0	2180	0	0	0	0	0	0	0	0	0	2180	0	0	0	0	0	0	0	0	0	// Pad Pants
34	219	219	1	508	4	0	2190	0	0	0	0	0	0	0	0	0	2190	0	0	0	0	0	0	0	0	0	// Legendary Pants
34	220	220	1	508	4	0	2200	0	0	0	0	0	0	0	0	0	2200	0	0	0	0	0	0	0	0	0	// Bone Pants
34	221	221	1	508	4	0	2210	0	0	0	0	0	0	0	0	0	2210	0	0	0	0	0	0	0	0	0	// Leather Pants
34	222	222	1	508	4	0	2220	0	0	0	0	0	0	0	0	0	2220	0	0	0	0	0	0	0	0	0	// Scale Pants
34	223	223	1	508	4	0	2230	0	0	0	0	0	0	0	0	0	2230	0	0	0	0	0	0	0	0	0	// Sphinx Pants
34	224	224	1	508	4	0	2240	0	0	0	0	0	0	0	0	0	2240	0	0	0	0	0	0	0	0	0	// Brass Pants
34	225	225	1	508	4	0	2250	0	0	0	0	0	0	0	0	0	2250	0	0	0	0	0	0	0	0	0	// Plate Pants
34	226	226	1	508	4	0	2260	0	0	0	0	0	0	0	0	0	2260	0	0	0	0	0	0	0	0	0	// Vine Pants
34	227	227	1	508	4	0	2270	0	0	0	0	0	0	0	0	0	2270	0	0	0	0	0	0	0	0	0	// Silk Pants
34	228	228	1	508	4	0	2280	0	0	0	0	0	0	0	0	0	2280	0	0	0	0	0	0	0	0	0	// Wind Pants
34	229	229	1	508	4	0	2290	0	0	0	0	0	0	0	0	0	2290	0	0	0	0	0	0	0	0	0	// Spirit Pants
34	230	230	1	508	4	0	2300	0	0	0	0	0	0	0	0	0	2300	0	0	0	0	0	0	0	0	0	// Guardian Pants
34	231	231	1	508	4	0	2310	0	0	0	0	0	0	0	0	0	2310	0	0	0	0	0	0	0	0	0	// Storm Crow Pants
34	232	232	1	508	8	0	2320	0	0	0	0	0	0	0	0	0	2320	0	0	0	0	0	0	0	0	0	// Black Dragon Pants
34	233	233	1	508	8	0	2330	0	0	0	0	0	0	0	0	0	2330	0	0	0	0	0	0	0	0	0	// Dark Phoenix Pants
34	234	234	1	508	8	0	2340	0	0	0	0	0	0	0	0	0	2340	0	0	0	0	0	0	0	0	0	// Grand Soul Pants
34	235	235	1	508	8	0	2350	0	0	0	0	0	0	0	0	0	2350	0	0	0	0	0	0	0	0	0	// Holy Spirit Pants
34	236	236	1	508	8	0	2360	0	0	0	0	0	0	0	0	0	2360	0	0	0	0	0	0	0	0	0	// Thunder Hawk Pants
34	237	237	1	508	8	0	2370	0	0	0	0	0	0	0	0	0	2370	0	0	0	0	0	0	0	0	0	// Great Dragon Pants
34	238	238	1	508	8	0	2380	0	0	0	0	0	0	0	0	0	2380	0	0	0	0	0	0	0	0	0	// Dark Soul Pants
34	239	239	1	508	8	0	2390	0	0	0	0	0	0	0	0	0	2390	0	0	0	0	0	0	0	0	0	// Hurricane Pants
34	240	240	1	508	8	0	2400	0	0	0	0	0	0	0	0	0	2400	0	0	0	0	0	0	0	0	0	// Red Spirit Pants
34	241	241	1	508	8	0	2410	0	0	0	0	0	0	0	0	0	2410	0	0	0	0	0	0	0	0	0	// Light Plate Pants
34	242	242	1	508	8	0	2420	0	0	0	0	0	0	0	0	0	2420	0	0	0	0	0	0	0	0	0	// Adamantine Pants
34	243	243	1	508	8	0	2430	0	0	0	0	0	0	0	0	0	2430	0	0	0	0	0	0	0	0	0	// Dark Steel Pants
34	244	244	1	508	8	0	2440	0	0	0	0	0	0	0	0	0	2440	0	0	0	0	0	0	0	0	0	// Dark Master Pants
34	245	245	1	508	8	0	2450	0	0	0	0	0	0	0	0	0	2450	0	0	0	0	0	0	0	0	0	// Dragon Knight Pants
34	246	246	1	508	8	0	2460	0	0	0	0	0	0	0	0	0	2460	0	0	0	0	0	0	0	0	0	// Venom Mist Pants
34	247	247	1	508	8	0	2470	0	0	0	0	0	0	0	0	0	2470	0	0	0	0	0	0	0	0	0	// Sylphid Ray Pants
34	248	248	1	508	8	0	2480	0	0	0	0	0	0	0	0	0	2480	0	0	0	0	0	0	0	0	0	// Volcano Pants
34	249	249	1	508	8	0	2490	0	0	0	0	0	0	0	0	0	2490	0	0	0	0	0	0	0	0	0	// Sunlight Pants
34	250	250	1	508	8	0	2500	0	0	0	0	0	0	0	0	0	2500	0	0	0	0	0	0	0	0	0	// Ashcrow Pants
34	251	251	1	508	8	0	2510	0	0	0	0	0	0	0	0	0	2510	0	0	0	0	0	0	0	0	0	// Eclipse Pants
34	252	252	1	508	8	0	2520	0	0	0	0	0	0	0	0	0	2520	0	0	0	0	0	0	0	0	0	// Iris Pants
34	253	253	1	508	8	0	2530	0	0	0	0	0	0	0	0	0	2530	0	0	0	0	0	0	0	0	0	// Valiant Pants
34	254	254	1	508	8	0	2540	0	0	0	0	0	0	0	0	0	2540	0	0	0	0	0	0	0	0	0	// Glorious Pants
34	255	255	1	508	8	0	2550	0	0	0	0	0	0	0	0	0	2550	0	0	0	0	0	0	0	0	0	// Violent Wind Pants
34	256	256	1	508	8	0	2560	0	0	0	0	0	0	0	0	0	2560	0	0	0	0	0	0	0	0	0	// Red Wing Pants
34	257	257	1	508	8	0	2570	0	0	0	0	0	0	0	0	0	2570	0	0	0	0	0	0	0	0	0	// Ancient Pants
34	258	258	1	508	8	0	2580	0	0	0	0	0	0	0	0	0	2580	0	0	0	0	0	0	0	0	0	// Demonic Pants
34	259	259	1	508	8	0	2590	0	0	0	0	0	0	0	0	0	2590	0	0	0	0	0	0	0	0	0	// Storm Blitz Pants
34	260	260	1	508	18	0	2600	0	0	0	0	0	0	0	0	0	2600	0	0	0	0	0	0	0	0	0	// Lilium Pants
34	261	261	1	508	18	0	2610	0	0	0	0	0	0	0	0	0	2610	0	0	0	0	0	0	0	0	0	// Titan Pants
34	262	262	1	508	18	0	2620	0	0	0	0	0	0	0	0	0	2620	0	0	0	0	0	0	0	0	0	// Brave Pants
34	263	263	1	508	18	0	2630	0	0	0	0	0	0	0	0	0	2630	0	0	0	0	0	0	0	0	0	// Phantom Pants
34	264	264	1	508	18	0	2640	0	0	0	0	0	0	0	0	0	2640	0	0	0	0	0	0	0	0	0	// Destroy Pants
34	265	265	1	508	18	0	2650	0	0	0	0	0	0	0	0	0	2650	0	0	0	0	0	0	0	0	0	// Seraphim Pants
34	266	266	1	508	18	0	2660	0	0	0	0	0	0	0	0	0	2660	0	0	0	0	0	0	0	0	0	// Divine Pants
34	267	267	1	508	18	0	2670	0	0	0	0	0	0	0	0	0	2670	0	0	0	0	0	0	0	0	0	// Royal Pants
34	268	268	1	508	18	0	2680	0	0	0	0	0	0	0	0	0	2680	0	0	0	0	0	0	0	0	0	// Hades Pants
34	269	269	1	508	18	0	2690	0	0	0	0	0	0	0	0	0	2690	0	0	0	0	0	0	0	0	0	// Queen Pants
35	270	270	1	508	4	0	2700	0	0	0	0	0	0	0	0	0	2700	0	0	0	0	0	0	0	0	0	// Bronze Gloves
35	271	271	1	508	4	0	2710	0	0	0	0	0	0	0	0	0	2710	0	0	0	0	0	0	0	0	0	// Dragon Gloves
35	272	272	1	508	4	0	2720	0	0	0	0	0	0	0	0	0	2720	0	0	0	0	0	0	0	0	0	// Pad Gloves
35	273	273	1	508	4	0	2730	0	0	0	0	0	0	0	0	0	2730	0	0	0	0	0	0	0	0	0	// Legendary Gloves
35	274	274	1	508	4	0	2740	0	0	0	0	0	0	0	0	0	2740	0	0	0	0	0	0	0	0	0	// Bone Gloves
35	275	275	1	508	4	0	2750	0	0	0	0	0	0	0	0	0	2750	0	0	0	0	0	0	0	0	0	// Leather Gloves
35	276	276	1	508	4	0	2760	0	0	0	0	0	0	0	0	0	2760	0	0	0	0	0	0	0	0	0	// Scale Gloves
35	277	277	1	508	4	0	2770	0	0	0	0	0	0	0	0	0	2770	0	0	0	0	0	0	0	0	0	// Sphinx Gloves
35	278	278	1	508	4	0	2780	0	0	0	0	0	0	0	0	0	2780	0	0	0	0	0	0	0	0	0	// Brass Gloves
35	279	279	1	508	4	0	2790	0	0	0	0	0	0	0	0	0	2790	0	0	0	0	0	0	0	0	0	// Plate Gloves
35	280	280	1	508	4	0	2800	0	0	0	0	0	0	0	0	0	2800	0	0	0	0	0	0	0	0	0	// Vine Gloves
35	281	281	1	508	4	0	2810	0	0	0	0	0	0	0	0	0	2810	0	0	0	0	0	0	0	0	0	// Silk Gloves
35	282	282	1	508	4	0	2820	0	0	0	0	0	0	0	0	0	2820	0	0	0	0	0	0	0	0	0	// Wind Gloves
35	283	283	1	508	4	0	2830	0	0	0	0	0	0	0	0	0	2830	0	0	0	0	0	0	0	0	0	// Spirit Gloves
35	284	284	1	508	4	0	2840	0	0	0	0	0	0	0	0	0	2840	0	0	0	0	0	0	0	0	0	// Guardian Gloves
35	285	285	1	508	4	0	2850	0	0	0	0	0	0	0	0	0	2850	0	0	0	0	0	0	0	0	0	// Storm Crow Gloves
35	286	286	1	508	8	0	2860	0	0	0	0	0	0	0	0	0	2860	0	0	0	0	0	0	0	0	0	// Dark Phoenix Gloves
35	287	287	1	508	8	0	2870	0	0	0	0	0	0	0	0	0	2870	0	0	0	0	0	0	0	0	0	// Grand Soul Gloves
35	288	288	1	508	8	0	2880	0	0	0	0	0	0	0	0	0	2880	0	0	0	0	0	0	0	0	0	// Holy Spirit Gloves
35	289	289	1	508	8	0	2890	0	0	0	0	0	0	0	0	0	2890	0	0	0	0	0	0	0	0	0	// Thunder Hawk Gloves
35	290	290	1	508	8	0	2900	0	0	0	0	0	0	0	0	0	2900	0	0	0	0	0	0	0	0	0	// Great Dragon Gloves
35	291	291	1	508	8	0	2910	0	0	0	0	0	0	0	0	0	2910	0	0	0	0	0	0	0	0	0	// Dark Soul Gloves
35	292	292	1	508	8	0	2920	0	0	0	0	0	0	0	0	0	2920	0	0	0	0	0	0	0	0	0	// Hurricane Gloves
35	293	293	1	508	8	0	2930	0	0	0	0	0	0	0	0	0	2930	0	0	0	0	0	0	0	0	0	// Red Spirit Gloves
35	294	294	1	508	8	0	2940	0	0	0	0	0	0	0	0	0	2940	0	0	0	0	0	0	0	0	0	// Light Plate Gloves
35	295	295	1	508	8	0	2950	0	0	0	0	0	0	0	0	0	2950	0	0	0	0	0	0	0	0	0	// Adamantine Gloves
35	296	296	1	508	8	0	2960	0	0	0	0	0	0	0	0	0	2960	0	0	0	0	0	0	0	0	0	// Dark Steel Gloves
35	297	297	1	508	8	0	2970	0	0	0	0	0	0	0	0	0	2970	0	0	0	0	0	0	0	0	0	// Dark Master Gloves
35	298	298	1	508	8	0	2980	0	0	0	0	0	0	0	0	0	2980	0	0	0	0	0	0	0	0	0	// Dragon Knight Gloves
35	299	299	1	508	8	0	2990	0	0	0	0	0	0	0	0	0	2990	0	0	0	0	0	0	0	0	0	// Venom Mist Gloves
35	300	300	1	508	8	0	3000	0	0	0	0	0	0	0	0	0	3000	0	0	0	0	0	0	0	0	0	// Sylphid Ray Gloves
35	301	301	1	508	8	0	3010	0	0	0	0	0	0	0	0	0	3010	0	0	0	0	0	0	0	0	0	// Volcano Gloves
35	302	302	1	508	8	0	3020	0	0	0	0	0	0	0	0	0	3020	0	0	0	0	0	0	0	0	0	// Sunlight Gloves
35	303	303	1	508	8	0	3030	0	0	0	0	0	0	0	0	0	3030	0	0	0	0	0	0	0	0	0	// Ashcrow Gloves
35	304	304	1	508	8	0	3040	0	0	0	0	0	0	0	0	0	3040	0	0	0	0	0	0	0	0	0	// Eclipse Gloves
35	305	305	1	508	8	0	3050	0	0	0	0	0	0	0	0	0	3050	0	0	0	0	0	0	0	0	0	// Iris Gloves
35	306	306	1	508	8	0	3060	0	0	0	0	0	0	0	0	0	3060	0	0	0	0	0	0	0	0	0	// Valiant Gloves
35	307	307	1	508	8	0	3070	0	0	0	0	0	0	0	0	0	3070	0	0	0	0	0	0	0	0	0	// Glorious Gloves
35	308	308	1	508	8	0	3080	0	0	0	0	0	0	0	0	0	3080	0	0	0	0	0	0	0	0	0	// Violent Wind Gloves
35	309	309	1	508	8	0	3090	0	0	0	0	0	0	0	0	0	3090	0	0	0	0	0	0	0	0	0	// Red Wing Gloves
35	310	310	1	508	8	0	3100	0	0	0	0	0	0	0	0	0	3100	0	0	0	0	0	0	0	0	0	// Ancient Gloves
35	311	311	1	508	8	0	3110	0	0	0	0	0	0	0	0	0	3110	0	0	0	0	0	0	0	0	0	// Demonic Gloves
35	312	312	1	508	8	0	3120	0	0	0	0	0	0	0	0	0	3120	0	0	0	0	0	0	0	0	0	// Storm Blitz Gloves
35	313	313	1	508	18	0	3130	0	0	0	0	0	0	0	0	0	3130	0	0	0	0	0	0	0	0	0	// Lilium Gloves
35	314	314	1	508	18	0	3140	0	0	0	0	0	0	0	0	0	3140	0	0	0	0	0	0	0	0	0	// Titan Gloves
35	315	315	1	508	18	0	3150	0	0	0	0	0	0	0	0	0	3150	0	0	0	0	0	0	0	0	0	// Brave Gloves
35	316	316	1	508	18	0	3160	0	0	0	0	0	0	0	0	0	3160	0	0	0	0	0	0	0	0	0	// Phantom Gloves
35	317	317	1	508	18	0	3170	0	0	0	0	0	0	0	0	0	3170	0	0	0	0	0	0	0	0	0	// Seraphim Gloves
35	318	318	1	508	18	0	3180	0	0	0	0	0	0	0	0	0	3180	0	0	0	0	0	0	0	0	0	// Divine Gloves
35	319	319	1	508	18	0	3190	0	0	0	0	0	0	0	0	0	3190	0	0	0	0	0	0	0	0	0	// Royal Gloves
35	320	320	1	508	18	0	3200	0	0	0	0	0	0	0	0	0	3200	0	0	0	0	0	0	0	0	0	// Hades Gloves
35	321	321	1	508	18	0	3210	0	0	0	0	0	0	0	0	0	3210	0	0	0	0	0	0	0	0	0	// Queen Gloves
35	650	650	1	508	8	0	6500	0	0	0	0	0	0	0	0	0	6500	0	0	0	0	0	0	0	0	0	// Black Dragon Gloves
36	323	323	1	508	4	0	3230	0	0	0	0	0	0	0	0	0	3230	0	0	0	0	0	0	0	0	0	// Bronze Boots
36	324	324	1	508	4	0	3240	0	0	0	0	0	0	0	0	0	3240	0	0	0	0	0	0	0	0	0	// Dragon Boots
36	325	325	1	508	4	0	3250	0	0	0	0	0	0	0	0	0	3250	0	0	0	0	0	0	0	0	0	// Pad Boots
36	326	326	1	508	4	0	3260	0	0	0	0	0	0	0	0	0	3260	0	0	0	0	0	0	0	0	0	// Legendary Boots
36	327	327	1	508	4	0	3270	0	0	0	0	0	0	0	0	0	3270	0	0	0	0	0	0	0	0	0	// Bone Boots
36	328	328	1	508	4	0	3280	0	0	0	0	0	0	0	0	0	3280	0	0	0	0	0	0	0	0	0	// Leather Boots
36	329	329	1	508	4	0	3290	0	0	0	0	0	0	0	0	0	3290	0	0	0	0	0	0	0	0	0	// Scale Boots
36	330	330	1	508	4	0	3300	0	0	0	0	0	0	0	0	0	3300	0	0	0	0	0	0	0	0	0	// Sphinx Boots
36	331	331	1	508	4	0	3310	0	0	0	0	0	0	0	0	0	3310	0	0	0	0	0	0	0	0	0	// Brass Boots
36	332	332	1	508	4	0	3320	0	0	0	0	0	0	0	0	0	3320	0	0	0	0	0	0	0	0	0	// Plate Boots
36	333	333	1	508	4	0	3330	0	0	0	0	0	0	0	0	0	3330	0	0	0	0	0	0	0	0	0	// Vine Boots
36	334	334	1	508	4	0	3340	0	0	0	0	0	0	0	0	0	3340	0	0	0	0	0	0	0	0	0	// Silk Boots
36	335	335	1	508	4	0	3350	0	0	0	0	0	0	0	0	0	3350	0	0	0	0	0	0	0	0	0	// Wind Boots
36	336	336	1	508	4	0	3360	0	0	0	0	0	0	0	0	0	3360	0	0	0	0	0	0	0	0	0	// Spirit Boots
36	337	337	1	508	4	0	3370	0	0	0	0	0	0	0	0	0	3370	0	0	0	0	0	0	0	0	0	// Guardian Boots
36	338	338	1	508	4	0	3380	0	0	0	0	0	0	0	0	0	3380	0	0	0	0	0	0	0	0	0	// Storm Crow Boots
36	339	339	1	508	8	0	3390	0	0	0	0	0	0	0	0	0	3390	0	0	0	0	0	0	0	0	0	// Black Dragon Boots
36	340	340	1	508	8	0	3400	0	0	0	0	0	0	0	0	0	3400	0	0	0	0	0	0	0	0	0	// Dark Phoenix Boots
36	341	341	1	508	8	0	3410	0	0	0	0	0	0	0	0	0	3410	0	0	0	0	0	0	0	0	0	// Grand Soul Boots
36	342	342	1	508	8	0	3420	0	0	0	0	0	0	0	0	0	3420	0	0	0	0	0	0	0	0	0	// Holy Spirit Boots
36	343	343	1	508	8	0	3430	0	0	0	0	0	0	0	0	0	3430	0	0	0	0	0	0	0	0	0	// Thunder Hawk Boots
36	344	344	1	508	8	0	3440	0	0	0	0	0	0	0	0	0	3440	0	0	0	0	0	0	0	0	0	// Great Dragon Boots
36	345	345	1	508	8	0	3450	0	0	0	0	0	0	0	0	0	3450	0	0	0	0	0	0	0	0	0	// Dark Soul Boots
36	346	346	1	508	8	0	3460	0	0	0	0	0	0	0	0	0	3460	0	0	0	0	0	0	0	0	0	// Hurricane Boots
36	347	347	1	508	8	0	3470	0	0	0	0	0	0	0	0	0	3470	0	0	0	0	0	0	0	0	0	// Red Spirit Boots
36	348	348	1	508	8	0	3480	0	0	0	0	0	0	0	0	0	3480	0	0	0	0	0	0	0	0	0	// Light Plate Boots
36	349	349	1	508	8	0	3490	0	0	0	0	0	0	0	0	0	3490	0	0	0	0	0	0	0	0	0	// Adamantine Boots
36	350	350	1	508	8	0	3500	0	0	0	0	0	0	0	0	0	3500	0	0	0	0	0	0	0	0	0	// Dark Steel Boots
36	351	351	1	508	8	0	3510	0	0	0	0	0	0	0	0	0	3510	0	0	0	0	0	0	0	0	0	// Dark Master Boots
36	352	352	1	508	8	0	3520	0	0	0	0	0	0	0	0	0	3520	0	0	0	0	0	0	0	0	0	// Dragon Knight Boots
36	353	353	1	508	8	0	3530	0	0	0	0	0	0	0	0	0	3530	0	0	0	0	0	0	0	0	0	// Venom Mist Boots
36	354	354	1	508	8	0	3540	0	0	0	0	0	0	0	0	0	3540	0	0	0	0	0	0	0	0	0	// Sylphid Ray Boots
36	355	355	1	508	8	0	3550	0	0	0	0	0	0	0	0	0	3550	0	0	0	0	0	0	0	0	0	// Volcano Boots
36	356	356	1	508	8	0	3560	0	0	0	0	0	0	0	0	0	3560	0	0	0	0	0	0	0	0	0	// Sunlight Boots
36	357	357	1	508	8	0	3570	0	0	0	0	0	0	0	0	0	3570	0	0	0	0	0	0	0	0	0	// Ashcrow Boots
36	358	358	1	508	8	0	3580	0	0	0	0	0	0	0	0	0	3580	0	0	0	0	0	0	0	0	0	// Eclipse Boots
36	359	359	1	508	8	0	3590	0	0	0	0	0	0	0	0	0	3590	0	0	0	0	0	0	0	0	0	// Iris Boots
36	360	360	1	508	8	0	3600	0	0	0	0	0	0	0	0	0	3600	0	0	0	0	0	0	0	0	0	// Valiant Boots
36	361	361	1	508	8	0	3610	0	0	0	0	0	0	0	0	0	3610	0	0	0	0	0	0	0	0	0	// Glorious Boots
36	362	362	1	508	8	0	3620	0	0	0	0	0	0	0	0	0	3620	0	0	0	0	0	0	0	0	0	// Violent Wind Boots
36	363	363	1	508	8	0	3630	0	0	0	0	0	0	0	0	0	3630	0	0	0	0	0	0	0	0	0	// Red Wing Boots
36	364	364	1	508	8	0	3640	0	0	0	0	0	0	0	0	0	3640	0	0	0	0	0	0	0	0	0	// Ancient Boots
36	365	365	1	508	8	0	3650	0	0	0	0	0	0	0	0	0	3650	0	0	0	0	0	0	0	0	0	// Demonic Boots
36	366	366	1	508	8	0	3660	0	0	0	0	0	0	0	0	0	3660	0	0	0	0	0	0	0	0	0	// Storm Blitz Boots
36	367	367	1	508	18	0	3670	0	0	0	0	0	0	0	0	0	3670	0	0	0	0	0	0	0	0	0	// Lilium Boots
36	368	368	1	508	18	0	3680	0	0	0	0	0	0	0	0	0	3680	0	0	0	0	0	0	0	0	0	// Titan Boots
36	369	369	1	508	18	0	3690	0	0	0	0	0	0	0	0	0	3690	0	0	0	0	0	0	0	0	0	// Brave Boots
36	370	370	1	508	18	0	3700	0	0	0	0	0	0	0	0	0	3700	0	0	0	0	0	0	0	0	0	// Phantom Boots
36	371	371	1	508	18	0	3710	0	0	0	0	0	0	0	0	0	3710	0	0	0	0	0	0	0	0	0	// Destroy Boots
36	372	372	1	508	18	0	3720	0	0	0	0	0	0	0	0	0	3720	0	0	0	0	0	0	0	0	0	// Seraphim Boots
36	373	373	1	508	18	0	3730	0	0	0	0	0	0	0	0	0	3730	0	0	0	0	0	0	0	0	0	// Divine Boots
36	374	374	1	508	18	0	3740	0	0	0	0	0	0	0	0	0	3740	0	0	0	0	0	0	0	0	0	// Royal Boots
36	375	375	1	508	18	0	3750	0	0	0	0	0	0	0	0	0	3750	0	0	0	0	0	0	0	0	0	// Hades Boots
36	376	376	1	508	18	0	3760	0	0	0	0	0	0	0	0	0	3760	0	0	0	0	0	0	0	0	0	// Queen Boots
37	215	215	1	508	18	0	2150	0	0	0	0	0	0	0	0	0	2150	0	0	0	0	0	0	0	0	0	// Mace of the King
37	322	322	1	508	18	0	3220	0	0	0	0	0	0	0	0	0	3220	0	0	0	0	0	0	0	0	0	// Flameberge
37	377	377	1	508	4	0	3770	0	0	0	0	0	0	0	0	0	3770	0	0	0	0	0	0	0	0	0	// Kris
37	378	378	1	508	4	0	3780	0	0	0	0	0	0	0	0	0	3780	0	0	0	0	0	0	0	0	0	// Short Sword
37	379	379	1	508	4	0	3790	0	0	0	0	0	0	0	0	0	3790	0	0	0	0	0	0	0	0	0	// Rapier
37	380	380	1	508	4	0	3800	0	0	0	0	0	0	0	0	0	3800	0	0	0	0	0	0	0	0	0	// Katana
37	381	381	1	508	4	0	3810	0	0	0	0	0	0	0	0	0	3810	0	0	0	0	0	0	0	0	0	// Sword of Assassin
37	382	382	1	508	4	0	3820	0	0	0	0	0	0	0	0	0	3820	0	0	0	0	0	0	0	0	0	// Blade
37	383	383	1	508	4	0	3830	0	0	0	0	0	0	0	0	0	3830	0	0	0	0	0	0	0	0	0	// Gladius
37	384	384	1	508	4	0	3840	0	0	0	0	0	0	0	0	0	3840	0	0	0	0	0	0	0	0	0	// Falchion
37	385	385	1	508	4	0	3850	0	0	0	0	0	0	0	0	0	3850	0	0	0	0	0	0	0	0	0	// Serpent Sword
37	386	386	1	508	4	0	3860	0	0	0	0	0	0	0	0	0	3860	0	0	0	0	0	0	0	0	0	// Sword of Salamander
37	387	387	1	508	4	0	3870	0	0	0	0	0	0	0	0	0	3870	0	0	0	0	0	0	0	0	0	// Light Saber
37	388	388	1	508	4	0	3880	0	0	0	0	0	0	0	0	0	3880	0	0	0	0	0	0	0	0	0	// Legendary Sword
37	389	389	1	508	4	0	3890	0	0	0	0	0	0	0	0	0	3890	0	0	0	0	0	0	0	0	0	// Heliacal Sword
37	390	390	1	508	4	0	3900	0	0	0	0	0	0	0	0	0	3900	0	0	0	0	0	0	0	0	0	// Double Blade
37	391	391	1	508	8	0	3910	0	0	0	0	0	0	0	0	0	3910	0	0	0	0	0	0	0	0	0	// Lighting Sword
37	392	392	1	508	8	0	3920	0	0	0	0	0	0	0	0	0	3920	0	0	0	0	0	0	0	0	0	// Giant Sword
37	393	393	1	508	8	0	3930	0	0	0	0	0	0	0	0	0	3930	0	0	0	0	0	0	0	0	0	// Sword of Destruction
37	394	394	1	508	8	0	3940	0	0	0	0	0	0	0	0	0	3940	0	0	0	0	0	0	0	0	0	// Dark Breaker
37	395	395	1	508	8	0	3950	0	0	0	0	0	0	0	0	0	3950	0	0	0	0	0	0	0	0	0	// Thunder Blade
37	396	396	1	508	10	0	3960	0	0	0	0	0	0	0	0	0	3960	0	0	0	0	0	0	0	0	0	// Divine Sword of Archangel
37	397	397	1	508	10	0	3970	0	0	0	0	0	0	0	0	0	3970	0	0	0	0	0	0	0	0	0	// Knight Blade
37	398	398	1	508	10	0	3980	0	0	0	0	0	0	0	0	0	3980	0	0	0	0	0	0	0	0	0	// Dark Reign Blade
37	399	399	1	508	18	0	3990	0	0	0	0	0	0	0	0	0	3990	0	0	0	0	0	0	0	0	0	// Bone Blade
37	400	400	1	508	18	0	4000	0	0	0	0	0	0	0	0	0	4000	0	0	0	0	0	0	0	0	0	// Explosion Blade
37	401	401	1	508	18	0	4010	0	0	0	0	0	0	0	0	0	4010	0	0	0	0	0	0	0	0	0	// Daybreak
37	402	402	1	508	18	0	4020	0	0	0	0	0	0	0	0	0	4020	0	0	0	0	0	0	0	0	0	// Sword Dancer
37	403	403	1	508	18	0	4030	0	0	0	0	0	0	0	0	0	4030	0	0	0	0	0	0	0	0	0	// Sword Breaker
37	404	404	1	508	18	0	4040	0	0	0	0	0	0	0	0	0	4040	0	0	0	0	0	0	0	0	0	// Rune Bastard Sword
37	405	405	1	508	18	0	4050	0	0	0	0	0	0	0	0	0	4050	0	0	0	0	0	0	0	0	0	// Frost Mace
37	406	406	1	508	18	0	4060	0	0	0	0	0	0	0	0	0	4060	0	0	0	0	0	0	0	0	0	// Rune Blade
37	407	407	1	508	4	0	4070	0	0	0	0	0	0	0	0	0	4070	0	0	0	0	0	0	0	0	0	// Small Axe
37	408	408	1	508	4	0	4080	0	0	0	0	0	0	0	0	0	4080	0	0	0	0	0	0	0	0	0	// Hand Axe
37	409	409	1	508	4	0	4090	0	0	0	0	0	0	0	0	0	4090	0	0	0	0	0	0	0	0	0	// Double Axe
37	410	410	1	508	4	0	4100	0	0	0	0	0	0	0	0	0	4100	0	0	0	0	0	0	0	0	0	// Tomahawk
37	411	411	1	508	4	0	4110	0	0	0	0	0	0	0	0	0	4110	0	0	0	0	0	0	0	0	0	// Elven Axe
37	412	412	1	508	4	0	4120	0	0	0	0	0	0	0	0	0	4120	0	0	0	0	0	0	0	0	0	// Battle Axe
37	413	413	1	508	4	0	4130	0	0	0	0	0	0	0	0	0	4130	0	0	0	0	0	0	0	0	0	// Nikea Axe
37	414	414	1	508	4	0	4140	0	0	0	0	0	0	0	0	0	4140	0	0	0	0	0	0	0	0	0	// Larkan Axe
37	415	415	1	508	4	0	4150	0	0	0	0	0	0	0	0	0	4150	0	0	0	0	0	0	0	0	0	// Crescent Axe
37	416	416	1	508	4	0	4160	0	0	0	0	0	0	0	0	0	4160	0	0	0	0	0	0	0	0	0	// Mace
37	417	417	1	508	4	0	4170	0	0	0	0	0	0	0	0	0	4170	0	0	0	0	0	0	0	0	0	// Morning Star
37	418	418	1	508	4	0	4180	0	0	0	0	0	0	0	0	0	4180	0	0	0	0	0	0	0	0	0	// Flail
37	419	419	1	508	4	0	4190	0	0	0	0	0	0	0	0	0	4190	0	0	0	0	0	0	0	0	0	// Great Hammer
37	420	420	1	508	4	0	4200	0	0	0	0	0	0	0	0	0	4200	0	0	0	0	0	0	0	0	0	// Crystal Morning Star
37	421	421	1	508	8	0	4210	0	0	0	0	0	0	0	0	0	4210	0	0	0	0	0	0	0	0	0	// Crystal Sword
37	422	422	1	508	8	0	4220	0	0	0	0	0	0	0	0	0	4220	0	0	0	0	0	0	0	0	0	// Chaos Dragon Axe
37	423	423	1	508	8	0	4230	0	0	0	0	0	0	0	0	0	4230	0	0	0	0	0	0	0	0	0	// Elemental Mace
37	424	424	1	508	4	0	4240	0	0	0	0	0	0	0	0	0	4240	0	0	0	0	0	0	0	0	0	// Battle Scepter
37	425	425	1	508	4	0	4250	0	0	0	0	0	0	0	0	0	4250	0	0	0	0	0	0	0	0	0	// Master Scepter
37	426	426	1	508	8	0	4260	0	0	0	0	0	0	0	0	0	4260	0	0	0	0	0	0	0	0	0	// Great Scepter
37	427	427	1	508	8	0	4270	0	0	0	0	0	0	0	0	0	4270	0	0	0	0	0	0	0	0	0	// Lord Scepter
37	428	428	1	508	8	0	4280	0	0	0	0	0	0	0	0	0	4280	0	0	0	0	0	0	0	0	0	// Great Lord Scepter
37	429	429	1	508	10	0	4290	0	0	0	0	0	0	0	0	0	4290	0	0	0	0	0	0	0	0	0	// Divine Scepter of Archangel
37	430	430	1	508	10	0	4300	0	0	0	0	0	0	0	0	0	4300	0	0	0	0	0	0	0	0	0	// Soleil Sceptor
37	431	431	1	508	10	0	4310	0	0	0	0	0	0	0	0	0	4310	0	0	0	0	0	0	0	0	0	// Shining Scepter
37	432	432	1	508	18	0	4320	0	0	0	0	0	0	0	0	0	4320	0	0	0	0	0	0	0	0	0	// Absolute Scepter
37	434	434	1	508	18	0	4340	0	0	0	0	0	0	0	0	0	4340	0	0	0	0	0	0	0	0	0	// Striker Scepter
37	435	435	1	508	8	0	4350	0	0	0	0	0	0	0	0	0	4350	0	0	0	0	0	0	0	0	0	// Light Spear
37	436	436	1	508	8	0	4360	0	0	0	0	0	0	0	0	0	4360	0	0	0	0	0	0	0	0	0	// Spear
37	437	437	1	508	8	0	4370	0	0	0	0	0	0	0	0	0	4370	0	0	0	0	0	0	0	0	0	// Dragon Lance
37	438	438	1	508	8	0	4380	0	0	0	0	0	0	0	0	0	4380	0	0	0	0	0	0	0	0	0	// Giant Trident
37	439	439	1	508	8	0	4390	0	0	0	0	0	0	0	0	0	4390	0	0	0	0	0	0	0	0	0	// Serpent Spear
37	440	440	1	508	8	0	4400	0	0	0	0	0	0	0	0	0	4400	0	0	0	0	0	0	0	0	0	// Double Poleaxe
37	441	441	1	508	8	0	4410	0	0	0	0	0	0	0	0	0	4410	0	0	0	0	0	0	0	0	0	// Halberd
37	442	442	1	508	8	0	4420	0	0	0	0	0	0	0	0	0	4420	0	0	0	0	0	0	0	0	0	// Berdysh
37	443	443	1	508	8	0	4430	0	0	0	0	0	0	0	0	0	4430	0	0	0	0	0	0	0	0	0	// Great Scythe
37	444	444	1	508	10	0	4440	0	0	0	0	0	0	0	0	0	4440	0	0	0	0	0	0	0	0	0	// Bill of Balrog
37	445	445	1	508	10	0	4450	0	0	0	0	0	0	0	0	0	4450	0	0	0	0	0	0	0	0	0	// Dragon Spear
37	446	446	1	508	10	0	4460	0	0	0	0	0	0	0	0	0	4460	0	0	0	0	0	0	0	0	0	// Brova
38	100	100	1	508	4	0	1000	0	0	0	0	0	0	0	0	0	1000	0	0	0	0	0	0	0	0	0	// Short Bow
38	101	101	1	508	4	0	1010	0	0	0	0	0	0	0	0	0	1010	0	0	0	0	0	0	0	0	0	// Bow
38	102	102	1	508	4	0	1020	0	0	0	0	0	0	0	0	0	1020	0	0	0	0	0	0	0	0	0	// Elven Bow
38	103	103	1	508	4	0	1030	0	0	0	0	0	0	0	0	0	1030	0	0	0	0	0	0	0	0	0	// Battle Bow
38	104	104	1	508	4	0	1040	0	0	0	0	0	0	0	0	0	1040	0	0	0	0	0	0	0	0	0	// Tiger Bow
38	105	105	1	508	4	0	1050	0	0	0	0	0	0	0	0	0	1050	0	0	0	0	0	0	0	0	0	// Silver Bow
38	106	106	1	508	8	0	1060	0	0	0	0	0	0	0	0	0	1060	0	0	0	0	0	0	0	0	0	// Chaos Nature Bow
38	107	107	1	508	4	0	1070	0	0	0	0	0	0	0	0	0	1070	0	0	0	0	0	0	0	0	0	// Bolt
38	108	108	1	508	4	0	1080	0	0	0	0	0	0	0	0	0	1080	0	0	0	0	0	0	0	0	0	// Crossbow
38	110	110	1	508	4	0	1100	0	0	0	0	0	0	0	0	0	1100	0	0	0	0	0	0	0	0	0	// Golden Crossbow
38	111	111	1	508	4	0	1110	0	0	0	0	0	0	0	0	0	1110	0	0	0	0	0	0	0	0	0	// Arquebus
38	112	112	1	508	4	0	1120	0	0	0	0	0	0	0	0	0	1120	0	0	0	0	0	0	0	0	0	// Light Crossbow
38	113	113	1	508	4	0	1130	0	0	0	0	0	0	0	0	0	1130	0	0	0	0	0	0	0	0	0	// Serpent Crossbow
38	114	114	1	508	4	0	1140	0	0	0	0	0	0	0	0	0	1140	0	0	0	0	0	0	0	0	0	// Bluewing Crossbow
38	433	433	1	508	18	0	4330	0	0	0	0	0	0	0	0	0	4330	0	0	0	0	0	0	0	0	0	// Dark Stinger
38	447	447	1	508	4	0	4470	0	0	0	0	0	0	0	0	0	4470	0	0	0	0	0	0	0	0	0	// Aquagold Crossbow
38	448	448	1	508	4	0	4480	0	0	0	0	0	0	0	0	0	4480	0	0	0	0	0	0	0	0	0	// Arrow
38	449	449	1	508	4	0	4490	0	0	0	0	0	0	0	0	0	4490	0	0	0	0	0	0	0	0	0	// Saint Crossbow
38	450	450	1	508	8	0	4500	0	0	0	0	0	0	0	0	0	4500	0	0	0	0	0	0	0	0	0	// Celestial Bow
38	451	451	1	508	8	0	4510	0	0	0	0	0	0	0	0	0	4510	0	0	0	0	0	0	0	0	0	// Divine Crossbow of Archangel
38	452	452	1	508	8	0	4520	0	0	0	0	0	0	0	0	0	4520	0	0	0	0	0	0	0	0	0	// Great Reign Crossbow
38	453	453	1	508	10	0	4530	0	0	0	0	0	0	0	0	0	4530	0	0	0	0	0	0	0	0	0	// Arrow Viper Bow
38	454	454	1	508	10	0	4540	0	0	0	0	0	0	0	0	0	4540	0	0	0	0	0	0	0	0	0	// Sylph Wind Bow
38	455	455	1	508	10	0	4550	0	0	0	0	0	0	0	0	0	4550	0	0	0	0	0	0	0	0	0	// Albatross Bow
38	456	456	1	508	18	0	4560	0	0	0	0	0	0	0	0	0	4560	0	0	0	0	0	0	0	0	0	// Angelic Bow
38	457	457	1	508	10	0	4570	0	0	0	0	0	0	0	0	0	4570	0	0	0	0	0	0	0	0	0	// Air Lyn Bow
38	458	458	1	508	18	0	4580	0	0	0	0	0	0	0	0	0	4580	0	0	0	0	0	0	0	0	0	// Devil Crossbow
39	459	459	1	508	18	0	4590	0	0	0	0	0	0	0	0	0	4590	0	0	0	0	0	0	0	0	0	// Deadly Staff
39	460	460	1	508	4	0	4600	0	0	0	0	0	0	0	0	0	4600	0	0	0	0	0	0	0	0	0	// Skull Staff
39	461	461	1	508	4	0	4610	0	0	0	0	0	0	0	0	0	4610	0	0	0	0	0	0	0	0	0	// Angelic Staff
39	462	462	1	508	4	0	4620	0	0	0	0	0	0	0	0	0	4620	0	0	0	0	0	0	0	0	0	// Serpent Staff
39	463	463	1	508	4	0	4630	0	0	0	0	0	0	0	0	0	4630	0	0	0	0	0	0	0	0	0	// Thunder Staff
39	464	464	1	508	4	0	4640	0	0	0	0	0	0	0	0	0	4640	0	0	0	0	0	0	0	0	0	// Gorgon Staff
39	465	465	1	508	8	0	4650	0	0	0	0	0	0	0	0	0	4650	0	0	0	0	0	0	0	0	0	// Legendary Staff
39	466	466	1	508	8	0	4660	0	0	0	0	0	0	0	0	0	4660	0	0	0	0	0	0	0	0	0	// Staff of Resurrection
39	467	467	1	508	8	0	4670	0	0	0	0	0	0	0	0	0	4670	0	0	0	0	0	0	0	0	0	// Staff of Destruction
39	468	468	1	508	10	0	4680	0	0	0	0	0	0	0	0	0	4680	0	0	0	0	0	0	0	0	0	// Dragon Soul Staff
39	469	469	1	508	10	0	4690	0	0	0	0	0	0	0	0	0	4690	0	0	0	0	0	0	0	0	0	// Divine Staff of Archangel
39	470	470	1	508	10	0	4700	0	0	0	0	0	0	0	0	0	4700	0	0	0	0	0	0	0	0	0	// Staff of Kundun
39	471	471	1	508	10	0	4710	0	0	0	0	0	0	0	0	0	4710	0	0	0	0	0	0	0	0	0	// Grand Viper Staff
39	472	472	1	508	10	0	4720	0	0	0	0	0	0	0	0	0	4720	0	0	0	0	0	0	0	0	0	// Platina Staff
39	473	473	1	508	4	0	4730	0	0	0	0	0	0	0	0	0	4730	0	0	0	0	0	0	0	0	0	// Mystery Stick
39	474	474	1	508	8	0	4740	0	0	0	0	0	0	0	0	0	4740	0	0	0	0	0	0	0	0	0	// Violent Wind Stick
39	475	475	1	508	10	0	4750	0	0	0	0	0	0	0	0	0	4750	0	0	0	0	0	0	0	0	0	// Red Wing Stick
39	476	476	1	508	10	0	4760	0	0	0	0	0	0	0	0	0	4760	0	0	0	0	0	0	0	0	0	// Ancient Stick
39	477	477	1	508	10	0	4770	0	0	0	0	0	0	0	0	0	4770	0	0	0	0	0	0	0	0	0	// Demonic Stick
39	478	478	1	508	10	0	4780	0	0	0	0	0	0	0	0	0	4780	0	0	0	0	0	0	0	0	0	// Storm Blitz Stick
39	479	479	1	508	10	0	4790	0	0	0	0	0	0	0	0	0	4790	0	0	0	0	0	0	0	0	0	// Eternal Wing Stick
39	480	480	1	508	18	0	4800	0	0	0	0	0	0	0	0	0	4800	0	0	0	0	0	0	0	0	0	// Book of Samut
39	481	481	1	508	18	0	4810	0	0	0	0	0	0	0	0	0	4810	0	0	0	0	0	0	0	0	0	// Book of Neil
39	482	482	1	508	18	0	4820	0	0	0	0	0	0	0	0	0	4820	0	0	0	0	0	0	0	0	0	// Book of Lagle
39	483	483	1	508	18	0	4830	0	0	0	0	0	0	0	0	0	4830	0	0	0	0	0	0	0	0	0	// Inberial Staff
39	484	484	1	508	18	0	4840	0	0	0	0	0	0	0	0	0	4840	0	0	0	0	0	0	0	0	0	// Merlin Staff
39	486	486	1	508	18	0	4860	0	0	0	0	0	0	0	0	0	4860	0	0	0	0	0	0	0	0	0	// Chrome Staff
39	487	487	1	508	18	0	4870	0	0	0	0	0	0	0	0	0	4870	0	0	0	0	0	0	0	0	0	// Raven Stick
39	489	489	1	508	18	0	4890	0	0	0	0	0	0	0	0	0	4890	0	0	0	0	0	0	0	0	0	// Divine Stick of the Archangel
39	490	490	1	508	18	0	4900	0	0	0	0	0	0	0	0	0	4900	0	0	0	0	0	0	0	0	0	// Spite Staff
61	513	513	1	0	400	0	5130	0	0	0	0	0	0	0	0	0	5130	0	0	0	0	0	0	0	0	0	// Wings of Elf
61	514	514	1	0	400	0	5140	0	0	0	0	0	0	0	0	0	5140	0	0	0	0	0	0	0	0	0	// Wings of Heaven
61	515	515	1	0	400	0	5150	0	0	0	0	0	0	0	0	0	5150	0	0	0	0	0	0	0	0	0	// Wings of Satan
61	516	516	1	0	400	0	5160	0	0	0	0	0	0	0	0	0	5160	0	0	0	0	0	0	0	0	0	// Wings of Misery
61	517	517	1	0	400	0	5170	0	0	0	0	0	0	0	0	0	5170	0	0	0	0	0	0	0	0	0	// Cape of Lord
61	518	518	1	0	600	0	5180	0	0	0	0	0	0	0	0	0	5180	0	0	0	0	0	0	0	0	0	// Wings of Spirits
61	519	519	1	0	600	0	5190	0	0	0	0	0	0	0	0	0	5190	0	0	0	0	0	0	0	0	0	// Wings of Soul
61	520	520	1	0	600	0	5200	0	0	0	0	0	0	0	0	0	5200	0	0	0	0	0	0	0	0	0	// Wings of Dragon
61	521	521	1	0	600	0	5210	0	0	0	0	0	0	0	0	0	5210	0	0	0	0	0	0	0	0	0	// Wings of Darkness
61	522	522	1	0	800	0	5220	0	0	0	0	0	0	0	0	0	5220	0	0	0	0	0	0	0	0	0	// Wings of Storm
61	523	523	1	0	800	0	5230	0	0	0	0	0	0	0	0	0	5230	0	0	0	0	0	0	0	0	0	// Wings of Space-Time
61	524	524	1	0	800	0	5240	0	0	0	0	0	0	0	0	0	5240	0	0	0	0	0	0	0	0	0	// Wings of Illusion
61	525	525	1	0	800	0	5250	0	0	0	0	0	0	0	0	0	5250	0	0	0	0	0	0	0	0	0	// Wings of Doom
61	526	526	1	0	800	0	5260	0	0	0	0	0	0	0	0	0	5260	0	0	0	0	0	0	0	0	0	// Mantle of Monarch
61	527	527	1	0	600	0	5270	0	0	0	0	0	0	0	0	0	5270	0	0	0	0	0	0	0	0	0	// Wings of Despair
61	528	528	1	0	800	0	5280	0	0	0	0	0	0	0	0	0	5280	0	0	0	0	0	0	0	0	0	// Wings of Dimension
61	529	529	1	0	300	0	5290	0	0	0	0	0	0	0	0	0	5290	0	0	0	0	0	0	0	0	0	// Small Cape of Lord
61	530	530	1	0	300	0	5300	0	0	0	0	0	0	0	0	0	5300	0	0	0	0	0	0	0	0	0	// Small Wing of Curse
61	531	531	1	0	300	0	5310	0	0	0	0	0	0	0	0	0	5310	0	0	0	0	0	0	0	0	0	// Small Wings of Elf
61	532	532	1	0	300	0	5320	0	0	0	0	0	0	0	0	0	5320	0	0	0	0	0	0	0	0	0	// Small Wings of Heaven
61	533	533	1	0	300	0	5330	0	0	0	0	0	0	0	0	0	5330	0	0	0	0	0	0	0	0	0	// Small Wings of Satan
61	535	535	1	0	1000	0	5350	0	0	0	0	0	0	0	0	0	5350	0	0	0	0	0	0	0	0	0	// Wings of Angel and Devil
61	536	536	1	0	1000	0	5360	0	0	0	0	0	0	0	0	0	5360	0	0	0	0	0	0	0	0	0	// Wings of Conqueror
61	638	638	1	0	1000	0	6380	0	0	0	0	0	0	0	0	0	6380	0	0	0	0	0	0	0	0	0	// Wings of Thunder
61	639	639	1	0	1000	0	6390	0	0	0	0	0	0	0	0	0	6390	0	0	0	0	0	0	0	0	0	// Wing of Chaos
61	640	640	1	0	1000	0	6400	0	0	0	0	0	0	0	0	0	6400	0	0	0	0	0	0	0	0	0	// Wing of Life
61	641	641	1	0	1000	0	6410	0	0	0	0	0	0	0	0	0	6410	0	0	0	0	0	0	0	0	0	// Wing of Magic
61	642	642	1	0	1000	0	6420	0	0	0	0	0	0	0	0	0	6420	0	0	0	0	0	0	0	0	0	// Cloak of Death
61	643	643	1	0	1000	0	6430	0	0	0	0	0	0	0	0	0	6430	0	0	0	0	0	0	0	0	0	// Elysium's Wings
61	644	644	1	0	1000	0	6440	0	0	0	0	0	0	0	0	0	6440	0	0	0	0	0	0	0	0	0	// Flame God's Wings
61	645	645	1	0	1000	0	6450	0	0	0	0	0	0	0	0	0	6450	0	0	0	0	0	0	0	0	0	// Celestial Body's Wings
61	646	646	1	0	1000	0	6460	0	0	0	0	0	0	0	0	0	6460	0	0	0	0	0	0	0	0	0	// Annihilation's Wings
61	647	647	1	0	1000	0	6470	0	0	0	0	0	0	0	0	0	6470	0	0	0	0	0	0	0	0	0	// Dominator's Cloak
61	648	648	1	0	1000	0	6480	0	0	0	0	0	0	0	0	0	6480	0	0	0	0	0	0	0	0	0	// Other World's Wings
61	649	649	1	0	1000	0	6490	0	0	0	0	0	0	0	0	0	6490	0	0	0	0	0	0	0	0	0	// Judgment's Cloak
62	547	547	1	0	300	0	5470	0	0	0	0	0	0	0	0	0	5470	0	0	0	0	0	0	0	0	0	// Seal of Ascension
62	548	548	1	0	400	0	5480	0	0	0	0	0	0	0	0	0	5480	0	0	0	0	0	0	0	0	0	// Seal of Wealth
62	549	549	1	0	450	0	5490	0	0	0	0	0	0	0	0	0	5490	0	0	0	0	0	0	0	0	0	// Seal of Sustenance
62	550	550	1	0	200	0	5500	0	0	0	0	0	0	0	0	0	5500	0	0	0	0	0	0	0	0	0	// Seal of Mobility
62	552	552	1	0	300	0	5520	0	0	0	0	0	0	0	0	0	5520	0	0	0	0	0	0	0	0	0	// Seal of Healing
62	553	553	1	0	300	0	5530	0	0	0	0	0	0	0	0	0	5530	0	0	0	0	0	0	0	0	0	// Seal of Divinity
62	554	554	1	0	300	0	5540	0	0	0	0	0	0	0	0	0	5540	0	0	0	0	0	0	0	0	0	// Talisman of Guardian
62	555	555	1	0	300	0	5550	0	0	0	0	0	0	0	0	0	5550	0	0	0	0	0	0	0	0	0	// Talisman of Item Protection
62	557	557	1	0	250	0	5570	0	0	0	0	0	0	0	0	0	5570	0	0	0	0	0	0	0	0	0	// Max AG Boost Aura
62	558	558	1	0	250	0	5580	0	0	0	0	0	0	0	0	0	5580	0	0	0	0	0	0	0	0	0	// Max SD Boost Aura
62	606	606	1	0	200	0	6060	0	0	0	0	0	0	0	0	0	6060	0	0	0	0	0	0	0	0	0	// Scroll of Quickness
62	607	607	1	0	200	0	6070	0	0	0	0	0	0	0	0	0	6070	0	0	0	0	0	0	0	0	0	// Scroll of Protection
62	608	608	1	0	200	0	6080	0	0	0	0	0	0	0	0	0	6080	0	0	0	0	0	0	0	0	0	// Scroll of Wrath
62	609	609	1	0	200	0	6090	0	0	0	0	0	0	0	0	0	6090	0	0	0	0	0	0	0	0	0	// Scroll of Wizardry
62	610	610	1	0	200	0	6100	0	0	0	0	0	0	0	0	0	6100	0	0	0	0	0	0	0	0	0	// Scroll of Health
62	611	611	1	0	200	0	6110	0	0	0	0	0	0	0	0	0	6110	0	0	0	0	0	0	0	0	0	// Scroll of Mana
62	612	612	1	0	200	0	6120	0	0	0	0	0	0	0	0	0	6120	0	0	0	0	0	0	0	0	0	// Scroll of Battle
62	613	613	1	0	200	0	6130	0	0	0	0	0	0	0	0	0	6130	0	0	0	0	0	0	0	0	0	// Scroll of Strengthener
62	614	614	1	0	200	0	6140	0	0	0	0	0	0	0	0	0	6140	0	0	0	0	0	0	0	0	0	// Scroll of Healing
63	566	566	1	0	10	0	5660	0	0	0	0	0	0	0	0	0	5660	0	0	0	0	0	0	0	0	0	// Jewel of Bless
63	567	567	1	0	15	0	5670	0	0	0	0	0	0	0	0	0	5670	0	0	0	0	0	0	0	0	0	// Jewel of Soul
63	568	568	1	0	50	0	5680	0	0	0	0	0	0	0	0	0	5680	0	0	0	0	0	0	0	0	0	// Jewel of Life
63	569	569	1	0	80	0	5690	0	0	0	0	0	0	0	0	0	5690	0	0	0	0	0	0	0	0	0	// Jewel of Creation
63	570	570	1	0	200	0	5700	0	0	0	0	0	0	0	0	0	5700	0	0	0	0	0	0	0	0	0	// Jewel of Guardian
63	571	571	1	0	200	0	5710	0	0	0	0	0	0	0	0	0	5710	0	0	0	0	0	0	0	0	0	// Ancient Metal
63	577	577	1	0	200	0	5770	0	0	0	0	0	0	0	0	0	5770	0	0	0	0	0	0	0	0	0	// Jewel of Harmony
63	578	578	1	0	30	0	5780	0	0	0	0	0	0	0	0	0	5780	0	0	0	0	0	0	0	0	0	// Lower Refining Stone
63	579	579	1	0	50	0	5790	0	0	0	0	0	0	0	0	0	5790	0	0	0	0	0	0	0	0	0	// Higher Refining Stone
63	580	580	1	0	10	0	5800	0	0	0	0	0	0	0	0	0	5800	0	0	0	0	0	0	0	0	0	// Jewel of Chaos
63	581	581	1	0	100	0	5810	0	0	0	0	0	0	0	0	0	5810	0	0	0	0	0	0	0	0	0	// Bundled Jewel of Bless
63	582	582	1	0	150	0	5820	0	0	0	0	0	0	0	0	0	5820	0	0	0	0	0	0	0	0	0	// Bundled Jewel of Soul
63	583	583	1	0	200	0	5830	0	0	0	0	0	0	0	0	0	5830	0	0	0	0	0	0	0	0	0	// Bundled Jewel of Bless
63	584	584	1	0	300	0	5840	0	0	0	0	0	0	0	0	0	5840	0	0	0	0	0	0	0	0	0	// Bundled Jewel of Soul
63	585	585	1	0	300	0	5850	0	0	0	0	0	0	0	0	0	5850	0	0	0	0	0	0	0	0	0	// Bundled Jewel of Bless
63	586	586	1	0	450	0	5860	0	0	0	0	0	0	0	0	0	5860	0	0	0	0	0	0	0	0	0	// Bundled Jewel of Soul
63	587	587	1	0	50	0	5870	0	0	0	0	0	0	0	0	0	5870	0	0	0	0	0	0	0	0	0	// Seed Sphere (Fire)
63	588	588	1	0	50	0	5880	0	0	0	0	0	0	0	0	0	5880	0	0	0	0	0	0	0	0	0	// Seed Sphere (Water)
63	589	589	1	0	50	0	5890	0	0	0	0	0	0	0	0	0	5890	0	0	0	0	0	0	0	0	0	// Seed Sphere (Ice)
63	590	590	1	0	50	0	5900	0	0	0	0	0	0	0	0	0	5900	0	0	0	0	0	0	0	0	0	// Seed Sphere (Wind)
63	591	591	1	0	50	0	5910	0	0	0	0	0	0	0	0	0	5910	0	0	0	0	0	0	0	0	0	// Seed Sphere (Lightning)
63	592	592	1	0	50	0	5920	0	0	0	0	0	0	0	0	0	5920	0	0	0	0	0	0	0	0	0	// Seed Sphere (Earth)
64	537	537	1	0	10	0	5370	0	0	0	0	0	0	0	0	0	5370	0	0	0	0	0	0	0	0	0	// Guardian Angel
64	538	538	1	0	10	0	5380	0	0	0	0	0	0	0	0	0	5380	0	0	0	0	0	0	0	0	0	// Imp
64	539	539	1	0	15	0	5390	0	0	0	0	0	0	0	0	0	5390	0	0	0	0	0	0	0	0	0	// Horn of Uniria
64	540	540	1	0	20	0	5400	0	0	0	0	0	0	0	0	0	5400	0	0	0	0	0	0	0	0	0	// Horn of Dinorant
64	541	541	1	0	25	0	5410	0	0	0	0	0	0	0	0	0	5410	0	0	0	0	0	0	0	0	0	// Dark Horse
64	542	542	1	0	25	0	5420	0	0	0	0	0	0	0	0	0	5420	0	0	0	0	0	0	0	0	0	// Dark Raven
64	543	543	1	0	200	0	5430	0	0	0	0	0	0	0	0	0	5430	0	0	0	0	0	0	0	0	0	// Horn of Fenrir
64	544	544	1	0	200	0	5440	0	0	0	0	0	0	0	0	0	5440	0	0	0	0	0	0	0	0	0	// Horn of Fenrir
64	545	545	1	0	200	0	5450	0	0	0	0	0	0	0	0	0	5450	0	0	0	0	0	0	0	0	0	// Horn of Fenrir
64	546	546	1	0	200	0	5460	0	0	0	0	0	0	0	0	0	5460	0	0	0	0	0	0	0	0	0	// Horn of Fenrir
64	551	551	1	0	80	0	5510	0	0	0	0	0	0	0	0	0	5510	0	0	0	0	0	0	0	0	0	// Demon
64	556	556	1	0	80	0	5560	0	0	0	0	0	0	0	0	0	5560	0	0	0	0	0	0	0	0	0	// Spirit of Guardian
64	559	559	1	0	100	0	5590	0	0	0	0	0	0	0	0	0	5590	0	0	0	0	0	0	0	0	0	// Rudolf
64	560	560	1	0	100	0	5600	0	0	0	0	0	0	0	0	0	5600	0	0	0	0	0	0	0	0	0	// PandaPet
64	561	561	1	0	150	0	5610	0	0	0	0	0	0	0	0	0	5610	0	0	0	0	0	0	0	0	0	// Pet Unicorn
64	562	562	1	0	150	0	5620	0	0	0	0	0	0	0	0	0	5620	0	0	0	0	0	0	0	0	0	// Pet Skeleton
65	485	485	1	0	10	0	4850	0	0	0	0	0	0	0	0	0	4850	0	0	0	0	0	0	0	0	0	// Large Healing Potion
65	488	488	1	0	10	0	4880	0	0	0	0	0	0	0	0	0	4880	0	0	0	0	0	0	0	0	0	// Large Mana Potion
65	512	512	1	0	10	0	5120	0	0	0	0	0	0	0	0	0	5120	0	0	0	0	0	0	0	0	0	// Antidote
65	593	593	1	0	20	0	5930	0	0	0	0	0	0	0	0	0	5930	0	0	0	0	0	0	0	0	0	// Siege Potion
65	594	594	1	0	10	0	5940	0	0	0	0	0	0	0	0	0	5940	0	0	0	0	0	0	0	0	0	// Ale
65	595	595	1	0	10	0	5950	0	0	0	0	0	0	0	0	0	5950	0	0	0	0	0	0	0	0	0	// Remedy of Love
65	596	596	1	0	50	0	5960	0	0	0	0	0	0	0	0	0	5960	0	0	0	0	0	0	0	0	0	// Large SD Potion
65	597	597	1	0	50	0	5970	0	0	0	0	0	0	0	0	0	5970	0	0	0	0	0	0	0	0	0	// Large Rejuvenation Potion
65	598	598	1	0	300	0	5980	0	0	0	0	0	0	0	0	0	5980	0	0	0	0	0	0	0	0	0	// Leap of Strength
65	599	599	1	0	300	0	5990	0	0	0	0	0	0	0	0	0	5990	0	0	0	0	0	0	0	0	0	// Leap of Agility
65	600	600	1	0	300	0	6000	0	0	0	0	0	0	0	0	0	6000	0	0	0	0	0	0	0	0	0	// Leap of Vitality
65	601	601	1	0	300	0	6010	0	0	0	0	0	0	0	0	0	6010	0	0	0	0	0	0	0	0	0	// Leap of Energy
65	602	602	1	0	300	0	6020	0	0	0	0	0	0	0	0	0	6020	0	0	0	0	0	0	0	0	0	// Leap of Command
65	603	603	1	0	500	0	6030	0	0	0	0	0	0	0	0	0	6030	0	0	0	0	0	0	0	0	0	// Elite Healing Potion
65	604	604	1	0	500	0	6040	0	0	0	0	0	0	0	0	0	6040	0	0	0	0	0	0	0	0	0	// Elite Mana Potion
65	605	605	1	0	600	0	6050	0	0	0	0	0	0	0	0	0	6050	0	0	0	0	0	0	0	0	0	// Elite SD Potion
66	615	615	1	0	300	0	6150	0	0	0	0	0	0	0	0	0	6150	0	0	0	0	0	0	0	0	0	// Ring of Ice
66	616	616	1	0	300	0	6160	0	0	0	0	0	0	0	0	0	6160	0	0	0	0	0	0	0	0	0	// Ring of Poison
66	619	619	1	0	300	0	6190	0	0	0	0	0	0	0	0	0	6190	0	0	0	0	0	0	0	0	0	// Ring of Fire
66	620	620	1	0	300	0	6200	0	0	0	0	0	0	0	0	0	6200	0	0	0	0	0	0	0	0	0	// Ring of Earth
66	621	621	1	0	300	0	6210	0	0	0	0	0	0	0	0	0	6210	0	0	0	0	0	0	0	0	0	// Ring of Wind
66	622	622	1	0	300	0	6220	0	0	0	0	0	0	0	0	0	6220	0	0	0	0	0	0	0	0	0	// Ring of Magic
66	627	627	1	0	400	0	6270	0	0	0	0	0	0	0	0	0	6270	0	0	0	0	0	0	0	0	0	// Panda Ring
66	628	628	1	0	150	0	6280	0	0	0	0	0	0	0	0	0	6280	0	0	0	0	0	0	0	0	0	// Lethal Wizard's Ring
66	629	629	1	0	150	0	6290	0	0	0	0	0	0	0	0	0	6290	0	0	0	0	0	0	0	0	0	// Sapphire Ring
66	630	630	1	0	150	0	6300	0	0	0	0	0	0	0	0	0	6300	0	0	0	0	0	0	0	0	0	// Topaz Ring
66	631	631	1	0	150	0	6310	0	0	0	0	0	0	0	0	0	6310	0	0	0	0	0	0	0	0	0	// Amethyst Ring
66	635	635	1	0	400	0	6350	0	0	0	0	0	0	0	0	0	6350	0	0	0	0	0	0	0	0	0	// Skeleton Transformation Ring
67	617	617	1	0	300	0	6170	0	0	0	0	0	0	0	0	0	6170	0	0	0	0	0	0	0	0	0	// Pendant of Lightning
67	618	618	1	0	300	0	6180	0	0	0	0	0	0	0	0	0	6180	0	0	0	0	0	0	0	0	0	// Pendant of Fire
67	623	623	1	0	300	0	6230	0	0	0	0	0	0	0	0	0	6230	0	0	0	0	0	0	0	0	0	// Pendant of Ice
67	624	624	1	0	300	0	6240	0	0	0	0	0	0	0	0	0	6240	0	0	0	0	0	0	0	0	0	// Pendant of Wind
67	625	625	1	0	300	0	6250	0	0	0	0	0	0	0	0	0	6250	0	0	0	0	0	0	0	0	0	// Pendant of Water
67	626	626	1	0	300	0	6260	0	0	0	0	0	0	0	0	0	6260	0	0	0	0	0	0	0	0	0	// Pendant of Ability
67	632	632	1	0	150	0	6320	0	0	0	0	0	0	0	0	0	6320	0	0	0	0	0	0	0	0	0	// Ruby Necklace
67	633	633	1	0	150	0	6330	0	0	0	0	0	0	0	0	0	6330	0	0	0	0	0	0	0	0	0	// Emerald Necklace
67	634	634	1	0	150	0	6340	0	0	0	0	0	0	0	0	0	6340	0	0	0	0	0	0	0	0	0	// Sapphire Necklace
68	563	563	1	0	100	0	5630	0	0	0	0	0	0	0	0	0	5630	0	0	0	0	0	0	0	0	0	// Chaos Card Gold
68	564	564	1	0	150	0	5640	0	0	0	0	0	0	0	0	0	5640	0	0	0	0	0	0	0	0	0	// Chaos Card Rare
68	565	565	1	0	50	0	5650	0	0	0	0	0	0	0	0	0	5650	0	0	0	0	0	0	0	0	0	// Chaos Card Mini
68	572	572	1	0	10	0	5720	0	0	0	0	0	0	0	0	0	5720	0	0	0	0	0	0	0	0	0	// Devil Square Ticket
68	573	573	1	0	10	0	5730	0	0	0	0	0	0	0	0	0	5730	0	0	0	0	0	0	0	0	0	// Blood Castle Ticket
68	574	574	1	0	10	0	5740	0	0	0	0	0	0	0	0	0	5740	0	0	0	0	0	0	0	0	0	// Kalima Ticket
68	575	575	1	0	10	0	5750	0	0	0	0	0	0	0	0	0	5750	0	0	0	0	0	0	0	0	0	// Illusion Temple Ticket
68	576	576	1	0	10	0	5760	0	0	0	0	0	0	0	0	0	5760	0	0	0	0	0	0	0	0	0	// Open Access Ticket to Chaos
69	636	636	1	0	1000	0	6360	0	0	0	0	0	0	0	0	0	6360	0	0	0	0	0	0	0	0	0	// Bronze Package
69	637	637	1	0	2000	0	6370	0	0	0	0	0	0	0	0	0	6370	0	0	0	0	0	0	0	0	0	// Silver Package
69	651	651	1	0	3000	0	6510	0	0	0	0	0	0	0	0	0	6510	0	0	0	0	0	0	0	0	0	// Gold Package
end
